0,0 1
0,1 2
0,2 2
0,3 0
0,4 2
0,5 0
0,6 2
0,7 2
0,8 2
0,9 0
0,10 0
0,11 1
0,12 1
0,13 1
0,14 1
0,15 0
0,16 2
0,17 2
0,18 2
0,19 1
0,20 2
0,21 0
0,22 0
0,23 1
0,24 2
0,25 1
0,26 1
0,27 1
0,28 1
0,29 0
0,30 1
0,31 0
0,32 2
0,33 0
0,34 2
0,35 1
0,36 1
0,37 2
0,38 0
0,39 0
0,40 0
0,41 0
0,42 0
0,43 2
0,44 1
0,45 0
0,46 1
0,47 2
0,48 0
0,49 0
0,50 1
0,51 1
0,52 2
0,53 2
0,54 0
0,55 0
0,56 0
0,57 0
0,58 0
0,59 2
0,60 2
0,61 2
0,62 1
0,63 1
0,64 1
0,65 1
0,66 2
0,67 2
0,68 0
0,69 0
0,70 2
0,71 1
0,72 2
0,73 0
0,74 2
0,75 2
0,76 0
0,77 2
0,78 0
0,79 1
0,80 1
0,81 1
0,82 2
0,83 0
0,84 2
0,85 1
0,86 0
0,87 2
0,88 2
0,89 2
0,90 0
0,91 0
0,92 2
0,93 0
0,94 1
0,95 2
0,96 1
0,97 0
0,98 0
0,99 1
1,0 0
1,1 0
1,2 1
1,3 0
1,4 2
1,5 2
1,6 2
1,7 1
1,8 1
1,9 0
1,10 1
1,11 1
1,12 2
1,13 0
1,14 1
1,15 1
1,16 0
1,17 1
1,18 1
1,19 2
1,20 2
1,21 0
1,22 1
1,23 0
1,24 0
1,25 0
1,26 0
1,27 1
1,28 1
1,29 2
1,30 0
1,31 2
1,32 2
1,33 1
1,34 1
1,35 1
1,36 2
1,37 1
1,38 1
1,39 0
1,40 1
1,41 2
1,42 0
1,43 0
1,44 1
1,45 1
1,46 1
1,47 1
1,48 2
1,49 1
1,50 1
1,51 2
1,52 1
1,53 1
1,54 2
1,55 2
1,56 0
1,57 1
1,58 2
1,59 2
1,60 0
1,61 2
1,62 1
1,63 0
1,64 1
1,65 2
1,66 2
1,67 1
1,68 2
1,69 2
1,70 1
1,71 1
1,72 2
1,73 0
1,74 0
1,75 1
1,76 1
1,77 1
1,78 2
1,79 1
1,80 0
1,81 2
1,82 2
1,83 1
1,84 0
1,85 0
1,86 1
1,87 0
1,88 1
1,89 0
1,90 1
1,91 2
1,92 2
1,93 0
1,94 1
1,95 0
1,96 0
1,97 0
1,98 1
1,99 0
2,0 0
2,1 2
2,2 2
2,3 1
2,4 0
2,5 2
2,6 2
2,7 1
2,8 0
2,9 1
2,10 2
2,11 1
2,12 1
2,13 0
2,14 0
2,15 1
2,16 1
2,17 2
2,18 0
2,19 1
2,20 0
2,21 1
2,22 1
2,23 2
2,24 1
2,25 0
2,26 2
2,27 1
2,28 1
2,29 1
2,30 0
2,31 2
2,32 1
2,33 0
2,34 0
2,35 0
2,36 1
2,37 0
2,38 2
2,39 1
2,40 2
2,41 1
2,42 0
2,43 0
2,44 0
2,45 0
2,46 2
2,47 1
2,48 0
2,49 2
2,50 1
2,51 2
2,52 1
2,53 2
2,54 2
2,55 0
2,56 2
2,57 2
2,58 2
2,59 0
2,60 2
2,61 0
2,62 1
2,63 1
2,64 0
2,65 2
2,66 2
2,67 1
2,68 0
2,69 2
2,70 1
2,71 2
2,72 1
2,73 2
2,74 2
2,75 2
2,76 2
2,77 1
2,78 1
2,79 1
2,80 0
2,81 0
2,82 1
2,83 1
2,84 2
2,85 2
2,86 2
2,87 0
2,88 1
2,89 2
2,90 2
2,91 2
2,92 0
2,93 1
2,94 1
2,95 0
2,96 2
2,97 0
2,98 2
2,99 2
3,0 2
3,1 0
3,2 0
3,3 0
3,4 0
3,5 1
3,6 0
3,7 1
3,8 1
3,9 1
3,10 0
3,11 0
3,12 2
3,13 1
3,14 1
3,15 2
3,16 0
3,17 2
3,18 0
3,19 0
3,20 2
3,21 2
3,22 2
3,23 1
3,24 2
3,25 2
3,26 0
3,27 1
3,28 0
3,29 0
3,30 2
3,31 2
3,32 0
3,33 1
3,34 2
3,35 0
3,36 0
3,37 0
3,38 1
3,39 0
3,40 0
3,41 2
3,42 1
3,43 0
3,44 2
3,45 0
3,46 2
3,47 2
3,48 2
3,49 1
3,50 2
3,51 1
3,52 2
3,53 2
3,54 1
3,55 2
3,56 2
3,57 2
3,58 2
3,59 2
3,60 2
3,61 0
3,62 1
3,63 2
3,64 0
3,65 2
3,66 1
3,67 1
3,68 1
3,69 0
3,70 2
3,71 2
3,72 1
3,73 1
3,74 2
3,75 0
3,76 2
3,77 1
3,78 2
3,79 0
3,80 2
3,81 2
3,82 1
3,83 1
3,84 0
3,85 0
3,86 0
3,87 0
3,88 2
3,89 0
3,90 2
3,91 1
3,92 0
3,93 0
3,94 2
3,95 1
3,96 1
3,97 1
3,98 2
3,99 1
4,0 1
4,1 2
4,2 0
4,3 2
4,4 0
4,5 0
4,6 2
4,7 2
4,8 2
4,9 2
4,10 2
4,11 2
4,12 0
4,13 1
4,14 0
4,15 0
4,16 0
4,17 0
4,18 1
4,19 0
4,20 0
4,21 0
4,22 2
4,23 1
4,24 1
4,25 0
4,26 2
4,27 2
4,28 2
4,29 2
4,30 0
4,31 2
4,32 2
4,33 0
4,34 1
4,35 1
4,36 1
4,37 2
4,38 1
4,39 0
4,40 2
4,41 0
4,42 2
4,43 1
4,44 1
4,45 2
4,46 2
4,47 2
4,48 0
4,49 1
4,50 2
4,51 2
4,52 0
4,53 2
4,54 0
4,55 0
4,56 1
4,57 1
4,58 0
4,59 0
4,60 2
4,61 0
4,62 1
4,63 2
4,64 2
4,65 1
4,66 0
4,67 1
4,68 2
4,69 1
4,70 2
4,71 0
4,72 2
4,73 2
4,74 1
4,75 1
4,76 0
4,77 0
4,78 0
4,79 1
4,80 0
4,81 1
4,82 1
4,83 2
4,84 2
4,85 0
4,86 2
4,87 1
4,88 2
4,89 0
4,90 1
4,91 1
4,92 2
4,93 2
4,94 0
4,95 1
4,96 0
4,97 0
4,98 2
4,99 1
5,0 2
5,1 2
5,2 0
5,3 2
5,4 2
5,5 1
5,6 0
5,7 0
5,8 1
5,9 1
5,10 2
5,11 0
5,12 2
5,13 1
5,14 2
5,15 1
5,16 2
5,17 1
5,18 0
5,19 2
5,20 2
5,21 0
5,22 2
5,23 2
5,24 2
5,25 1
5,26 2
5,27 2
5,28 2
5,29 0
5,30 0
5,31 2
5,32 2
5,33 2
5,34 1
5,35 1
5,36 2
5,37 0
5,38 1
5,39 2
5,40 2
5,41 2
5,42 2
5,43 1
5,44 0
5,45 1
5,46 0
5,47 0
5,48 2
5,49 0
5,50 1
5,51 1
5,52 0
5,53 2
5,54 1
5,55 1
5,56 0
5,57 1
5,58 0
5,59 0
5,60 0
5,61 1
5,62 1
5,63 1
5,64 2
5,65 0
5,66 1
5,67 0
5,68 0
5,69 2
5,70 2
5,71 1
5,72 2
5,73 1
5,74 0
5,75 0
5,76 0
5,77 0
5,78 1
5,79 1
5,80 1
5,81 1
5,82 2
5,83 2
5,84 2
5,85 2
5,86 2
5,87 1
5,88 0
5,89 2
5,90 2
5,91 0
5,92 2
5,93 0
5,94 2
5,95 1
5,96 0
5,97 1
5,98 2
5,99 0
6,0 1
6,1 1
6,2 0
6,3 1
6,4 0
6,5 2
6,6 0
6,7 0
6,8 0
6,9 1
6,10 2
6,11 0
6,12 1
6,13 0
6,14 0
6,15 0
6,16 2
6,17 1
6,18 1
6,19 0
6,20 1
6,21 0
6,22 1
6,23 2
6,24 1
6,25 2
6,26 0
6,27 1
6,28 2
6,29 1
6,30 2
6,31 2
6,32 0
6,33 2
6,34 2
6,35 0
6,36 0
6,37 2
6,38 2
6,39 2
6,40 1
6,41 0
6,42 1
6,43 0
6,44 1
6,45 1
6,46 2
6,47 0
6,48 2
6,49 1
6,50 0
6,51 1
6,52 2
6,53 0
6,54 2
6,55 0
6,56 1
6,57 0
6,58 0
6,59 1
6,60 1
6,61 0
6,62 2
6,63 2
6,64 2
6,65 0
6,66 2
6,67 2
6,68 1
6,69 1
6,70 1
6,71 2
6,72 2
6,73 0
6,74 1
6,75 2
6,76 0
6,77 2
6,78 1
6,79 1
6,80 1
6,81 0
6,82 1
6,83 2
6,84 0
6,85 1
6,86 2
6,87 2
6,88 1
6,89 0
6,90 0
6,91 0
6,92 2
6,93 1
6,94 1
6,95 1
6,96 2
6,97 1
6,98 2
6,99 0
7,0 1
7,1 1
7,2 0
7,3 1
7,4 0
7,5 2
7,6 2
7,7 2
7,8 1
7,9 0
7,10 2
7,11 0
7,12 2
7,13 1
7,14 2
7,15 2
7,16 0
7,17 0
7,18 2
7,19 2
7,20 0
7,21 1
7,22 2
7,23 1
7,24 0
7,25 0
7,26 0
7,27 0
7,28 0
7,29 2
7,30 1
7,31 1
7,32 1
7,33 1
7,34 0
7,35 0
7,36 1
7,37 2
7,38 1
7,39 2
7,40 0
7,41 0
7,42 1
7,43 2
7,44 1
7,45 2
7,46 2
7,47 2
7,48 0
7,49 2
7,50 0
7,51 2
7,52 2
7,53 1
7,54 1
7,55 2
7,56 1
7,57 0
7,58 0
7,59 0
7,60 0
7,61 2
7,62 1
7,63 1
7,64 0
7,65 2
7,66 1
7,67 2
7,68 0
7,69 1
7,70 2
7,71 0
7,72 1
7,73 0
7,74 1
7,75 2
7,76 0
7,77 1
7,78 1
7,79 1
7,80 0
7,81 0
7,82 2
7,83 2
7,84 0
7,85 2
7,86 0
7,87 0
7,88 2
7,89 2
7,90 0
7,91 0
7,92 0
7,93 0
7,94 1
7,95 2
7,96 2
7,97 2
7,98 0
7,99 1
8,0 1
8,1 0
8,2 1
8,3 0
8,4 2
8,5 2
8,6 0
8,7 1
8,8 0
8,9 0
8,10 0
8,11 2
8,12 2
8,13 2
8,14 1
8,15 2
8,16 2
8,17 0
8,18 1
8,19 2
8,20 2
8,21 1
8,22 2
8,23 1
8,24 1
8,25 2
8,26 1
8,27 1
8,28 2
8,29 0
8,30 2
8,31 2
8,32 0
8,33 0
8,34 2
8,35 1
8,36 0
8,37 1
8,38 0
8,39 1
8,40 2
8,41 1
8,42 1
8,43 1
8,44 1
8,45 2
8,46 2
8,47 0
8,48 0
8,49 2
8,50 0
8,51 2
8,52 1
8,53 0
8,54 1
8,55 1
8,56 2
8,57 2
8,58 1
8,59 0
8,60 2
8,61 2
8,62 1
8,63 0
8,64 1
8,65 0
8,66 1
8,67 1
8,68 1
8,69 1
8,70 2
8,71 1
8,72 1
8,73 2
8,74 1
8,75 0
8,76 0
8,77 1
8,78 1
8,79 0
8,80 1
8,81 2
8,82 2
8,83 0
8,84 2
8,85 0
8,86 2
8,87 1
8,88 0
8,89 0
8,90 2
8,91 0
8,92 1
8,93 2
8,94 0
8,95 0
8,96 2
8,97 1
8,98 2
8,99 0
9,0 2
9,1 1
9,2 0
9,3 2
9,4 0
9,5 2
9,6 2
9,7 1
9,8 2
9,9 2
9,10 2
9,11 2
9,12 2
9,13 0
9,14 2
9,15 0
9,16 2
9,17 0
9,18 0
9,19 1
9,20 2
9,21 0
9,22 1
9,23 0
9,24 0
9,25 0
9,26 0
9,27 0
9,28 0
9,29 0
9,30 2
9,31 2
9,32 0
9,33 2
9,34 2
9,35 0
9,36 1
9,37 2
9,38 1
9,39 0
9,40 2
9,41 1
9,42 0
9,43 1
9,44 2
9,45 2
9,46 0
9,47 2
9,48 1
9,49 1
9,50 0
9,51 0
9,52 1
9,53 0
9,54 2
9,55 1
9,56 0
9,57 1
9,58 2
9,59 0
9,60 1
9,61 1
9,62 0
9,63 2
9,64 0
9,65 2
9,66 1
9,67 1
9,68 1
9,69 2
9,70 1
9,71 0
9,72 2
9,73 0
9,74 0
9,75 0
9,76 1
9,77 0
9,78 2
9,79 1
9,80 2
9,81 2
9,82 0
9,83 0
9,84 1
9,85 2
9,86 0
9,87 0
9,88 2
9,89 1
9,90 1
9,91 1
9,92 0
9,93 1
9,94 2
9,95 2
9,96 1
9,97 0
9,98 1
9,99 0
10,0 0
10,1 0
10,2 1
10,3 1
10,4 1
10,5 1
10,6 2
10,7 2
10,8 0
10,9 2
10,10 2
10,11 0
10,12 2
10,13 1
10,14 2
10,15 1
10,16 2
10,17 2
10,18 0
10,19 2
10,20 0
10,21 2
10,22 1
10,23 1
10,24 0
10,25 0
10,26 1
10,27 1
10,28 1
10,29 2
10,30 2
10,31 1
10,32 2
10,33 2
10,34 0
10,35 1
10,36 0
10,37 2
10,38 2
10,39 0
10,40 0
10,41 2
10,42 0
10,43 0
10,44 1
10,45 2
10,46 1
10,47 1
10,48 1
10,49 0
10,50 1
10,51 1
10,52 2
10,53 0
10,54 0
10,55 0
10,56 2
10,57 0
10,58 2
10,59 0
10,60 1
10,61 0
10,62 1
10,63 0
10,64 1
10,65 2
10,66 2
10,67 1
10,68 2
10,69 0
10,70 2
10,71 0
10,72 1
10,73 2
10,74 2
10,75 1
10,76 2
10,77 2
10,78 1
10,79 2
10,80 0
10,81 1
10,82 0
10,83 1
10,84 1
10,85 0
10,86 2
10,87 0
10,88 1
10,89 2
10,90 2
10,91 1
10,92 1
10,93 1
10,94 0
10,95 0
10,96 0
10,97 2
10,98 0
10,99 2
11,0 2
11,1 1
11,2 1
11,3 1
11,4 2
11,5 0
11,6 2
11,7 1
11,8 2
11,9 1
11,10 0
11,11 2
11,12 1
11,13 0
11,14 2
11,15 0
11,16 2
11,17 2
11,18 1
11,19 2
11,20 1
11,21 2
11,22 1
11,23 0
11,24 1
11,25 2
11,26 0
11,27 2
11,28 1
11,29 2
11,30 1
11,31 2
11,32 2
11,33 1
11,34 1
11,35 1
11,36 2
11,37 1
11,38 2
11,39 0
11,40 1
11,41 1
11,42 1
11,43 2
11,44 1
11,45 1
11,46 2
11,47 2
11,48 2
11,49 0
11,50 0
11,51 2
11,52 0
11,53 0
11,54 1
11,55 2
11,56 1
11,57 0
11,58 0
11,59 1
11,60 0
11,61 1
11,62 1
11,63 2
11,64 1
11,65 0
11,66 1
11,67 0
11,68 2
11,69 1
11,70 2
11,71 0
11,72 1
11,73 1
11,74 0
11,75 1
11,76 2
11,77 1
11,78 2
11,79 1
11,80 1
11,81 0
11,82 2
11,83 1
11,84 1
11,85 2
11,86 0
11,87 2
11,88 0
11,89 1
11,90 1
11,91 2
11,92 2
11,93 1
11,94 1
11,95 2
11,96 1
11,97 2
11,98 2
11,99 0
12,0 0
12,1 2
12,2 0
12,3 1
12,4 1
12,5 2
12,6 1
12,7 0
12,8 2
12,9 0
12,10 2
12,11 2
12,12 0
12,13 2
12,14 0
12,15 2
12,16 0
12,17 2
12,18 1
12,19 0
12,20 2
12,21 2
12,22 0
12,23 2
12,24 0
12,25 2
12,26 2
12,27 2
12,28 0
12,29 0
12,30 0
12,31 0
12,32 1
12,33 0
12,34 2
12,35 1
12,36 0
12,37 1
12,38 1
12,39 1
12,40 2
12,41 1
12,42 1
12,43 0
12,44 2
12,45 2
12,46 0
12,47 0
12,48 0
12,49 1
12,50 1
12,51 0
12,52 2
12,53 2
12,54 0
12,55 2
12,56 1
12,57 2
12,58 0
12,59 0
12,60 1
12,61 1
12,62 2
12,63 2
12,64 1
12,65 1
12,66 0
12,67 2
12,68 1
12,69 0
12,70 2
12,71 0
12,72 1
12,73 1
12,74 0
12,75 2
12,76 0
12,77 0
12,78 0
12,79 0
12,80 0
12,81 1
12,82 2
12,83 2
12,84 0
12,85 0
12,86 2
12,87 2
12,88 2
12,89 1
12,90 1
12,91 2
12,92 1
12,93 1
12,94 0
12,95 1
12,96 1
12,97 0
12,98 0
12,99 0
13,0 2
13,1 2
13,2 1
13,3 0
13,4 2
13,5 1
13,6 1
13,7 2
13,8 2
13,9 0
13,10 1
13,11 0
13,12 2
13,13 2
13,14 0
13,15 2
13,16 1
13,17 0
13,18 0
13,19 0
13,20 2
13,21 1
13,22 1
13,23 0
13,24 1
13,25 1
13,26 2
13,27 0
13,28 0
13,29 1
13,30 1
13,31 1
13,32 0
13,33 1
13,34 0
13,35 1
13,36 2
13,37 0
13,38 1
13,39 2
13,40 0
13,41 2
13,42 2
13,43 2
13,44 1
13,45 2
13,46 1
13,47 0
13,48 2
13,49 0
13,50 2
13,51 1
13,52 1
13,53 2
13,54 1
13,55 1
13,56 1
13,57 2
13,58 2
13,59 2
13,60 0
13,61 2
13,62 2
13,63 0
13,64 0
13,65 2
13,66 0
13,67 0
13,68 2
13,69 0
13,70 2
13,71 0
13,72 1
13,73 0
13,74 1
13,75 0
13,76 2
13,77 0
13,78 0
13,79 2
13,80 0
13,81 1
13,82 1
13,83 1
13,84 0
13,85 2
13,86 0
13,87 2
13,88 0
13,89 2
13,90 0
13,91 2
13,92 2
13,93 2
13,94 1
13,95 1
13,96 1
13,97 1
13,98 0
13,99 1
14,0 2
14,1 1
14,2 0
14,3 1
14,4 0
14,5 2
14,6 0
14,7 0
14,8 1
14,9 2
14,10 0
14,11 1
14,12 1
14,13 2
14,14 1
14,15 0
14,16 2
14,17 1
14,18 0
14,19 2
14,20 2
14,21 2
14,22 0
14,23 1
14,24 1
14,25 1
14,26 2
14,27 2
14,28 0
14,29 2
14,30 2
14,31 2
14,32 1
14,33 1
14,34 1
14,35 0
14,36 0
14,37 2
14,38 1
14,39 0
14,40 0
14,41 2
14,42 2
14,43 1
14,44 2
14,45 2
14,46 0
14,47 0
14,48 0
14,49 1
14,50 1
14,51 0
14,52 1
14,53 2
14,54 1
14,55 0
14,56 0
14,57 2
14,58 2
14,59 0
14,60 0
14,61 1
14,62 2
14,63 2
14,64 2
14,65 0
14,66 0
14,67 0
14,68 0
14,69 0
14,70 2
14,71 0
14,72 2
14,73 1
14,74 1
14,75 1
14,76 1
14,77 0
14,78 0
14,79 0
14,80 0
14,81 0
14,82 2
14,83 2
14,84 1
14,85 0
14,86 1
14,87 2
14,88 1
14,89 1
14,90 1
14,91 2
14,92 1
14,93 2
14,94 0
14,95 2
14,96 2
14,97 0
14,98 0
14,99 1
15,0 1
15,1 1
15,2 1
15,3 2
15,4 2
15,5 0
15,6 0
15,7 1
15,8 0
15,9 1
15,10 2
15,11 1
15,12 0
15,13 1
15,14 1
15,15 1
15,16 0
15,17 0
15,18 1
15,19 1
15,20 2
15,21 1
15,22 2
15,23 0
15,24 2
15,25 0
15,26 0
15,27 2
15,28 2
15,29 2
15,30 0
15,31 0
15,32 0
15,33 2
15,34 0
15,35 0
15,36 2
15,37 0
15,38 0
15,39 2
15,40 2
15,41 0
15,42 1
15,43 2
15,44 2
15,45 2
15,46 2
15,47 0
15,48 1
15,49 1
15,50 0
15,51 0
15,52 1
15,53 1
15,54 0
15,55 1
15,56 1
15,57 0
15,58 1
15,59 2
15,60 2
15,61 0
15,62 2
15,63 1
15,64 2
15,65 2
15,66 1
15,67 1
15,68 1
15,69 1
15,70 0
15,71 0
15,72 1
15,73 1
15,74 2
15,75 2
15,76 0
15,77 0
15,78 0
15,79 1
15,80 2
15,81 1
15,82 0
15,83 2
15,84 1
15,85 1
15,86 1
15,87 0
15,88 0
15,89 0
15,90 1
15,91 1
15,92 2
15,93 1
15,94 0
15,95 1
15,96 1
15,97 2
15,98 0
15,99 1
16,0 1
16,1 1
16,2 1
16,3 1
16,4 2
16,5 1
16,6 2
16,7 0
16,8 0
16,9 1
16,10 0
16,11 0
16,12 0
16,13 2
16,14 1
16,15 1
16,16 0
16,17 0
16,18 1
16,19 0
16,20 0
16,21 1
16,22 0
16,23 2
16,24 1
16,25 0
16,26 1
16,27 0
16,28 2
16,29 2
16,30 2
16,31 1
16,32 0
16,33 1
16,34 1
16,35 2
16,36 1
16,37 1
16,38 1
16,39 1
16,40 2
16,41 0
16,42 1
16,43 1
16,44 0
16,45 1
16,46 2
16,47 0
16,48 2
16,49 2
16,50 0
16,51 0
16,52 2
16,53 1
16,54 1
16,55 0
16,56 1
16,57 1
16,58 1
16,59 1
16,60 1
16,61 1
16,62 1
16,63 2
16,64 2
16,65 1
16,66 1
16,67 0
16,68 0
16,69 0
16,70 1
16,71 1
16,72 1
16,73 1
16,74 1
16,75 2
16,76 0
16,77 1
16,78 2
16,79 2
16,80 2
16,81 0
16,82 2
16,83 0
16,84 2
16,85 1
16,86 0
16,87 1
16,88 0
16,89 0
16,90 1
16,91 1
16,92 1
16,93 1
16,94 0
16,95 1
16,96 1
16,97 2
16,98 0
16,99 0
17,0 2
17,1 0
17,2 0
17,3 1
17,4 0
17,5 1
17,6 2
17,7 0
17,8 1
17,9 1
17,10 0
17,11 1
17,12 2
17,13 2
17,14 2
17,15 2
17,16 0
17,17 2
17,18 2
17,19 0
17,20 0
17,21 2
17,22 1
17,23 2
17,24 2
17,25 1
17,26 1
17,27 2
17,28 1
17,29 2
17,30 0
17,31 1
17,32 2
17,33 0
17,34 2
17,35 2
17,36 0
17,37 0
17,38 1
17,39 2
17,40 2
17,41 1
17,42 1
17,43 2
17,44 0
17,45 2
17,46 1
17,47 2
17,48 0
17,49 0
17,50 2
17,51 2
17,52 2
17,53 0
17,54 2
17,55 2
17,56 1
17,57 1
17,58 0
17,59 2
17,60 2
17,61 0
17,62 2
17,63 2
17,64 1
17,65 0
17,66 0
17,67 2
17,68 1
17,69 1
17,70 1
17,71 2
17,72 2
17,73 0
17,74 1
17,75 1
17,76 0
17,77 0
17,78 0
17,79 0
17,80 0
17,81 1
17,82 2
17,83 1
17,84 2
17,85 1
17,86 1
17,87 2
17,88 0
17,89 0
17,90 1
17,91 2
17,92 1
17,93 1
17,94 2
17,95 1
17,96 1
17,97 0
17,98 2
17,99 0
18,0 1
18,1 1
18,2 1
18,3 0
18,4 1
18,5 1
18,6 1
18,7 0
18,8 2
18,9 2
18,10 0
18,11 2
18,12 2
18,13 1
18,14 2
18,15 1
18,16 1
18,17 2
18,18 1
18,19 2
18,20 1
18,21 0
18,22 2
18,23 1
18,24 1
18,25 0
18,26 0
18,27 1
18,28 2
18,29 1
18,30 2
18,31 1
18,32 0
18,33 2
18,34 0
18,35 1
18,36 2
18,37 0
18,38 1
18,39 0
18,40 2
18,41 1
18,42 0
18,43 0
18,44 2
18,45 0
18,46 0
18,47 0
18,48 1
18,49 0
18,50 1
18,51 1
18,52 0
18,53 2
18,54 0
18,55 0
18,56 2
18,57 1
18,58 0
18,59 2
18,60 1
18,61 2
18,62 0
18,63 0
18,64 0
18,65 1
18,66 2
18,67 2
18,68 1
18,69 2
18,70 1
18,71 1
18,72 1
18,73 1
18,74 0
18,75 0
18,76 1
18,77 1
18,78 1
18,79 0
18,80 1
18,81 0
18,82 1
18,83 1
18,84 1
18,85 2
18,86 1
18,87 0
18,88 0
18,89 2
18,90 1
18,91 2
18,92 0
18,93 2
18,94 2
18,95 0
18,96 0
18,97 0
18,98 1
18,99 1
19,0 1
19,1 0
19,2 0
19,3 1
19,4 0
19,5 1
19,6 2
19,7 0
19,8 1
19,9 1
19,10 1
19,11 1
19,12 0
19,13 2
19,14 0
19,15 1
19,16 0
19,17 1
19,18 0
19,19 2
19,20 2
19,21 2
19,22 1
19,23 2
19,24 2
19,25 0
19,26 1
19,27 2
19,28 1
19,29 2
19,30 2
19,31 0
19,32 0
19,33 1
19,34 1
19,35 1
19,36 0
19,37 0
19,38 0
19,39 0
19,40 2
19,41 1
19,42 1
19,43 1
19,44 0
19,45 0
19,46 1
19,47 1
19,48 0
19,49 1
19,50 0
19,51 0
19,52 2
19,53 1
19,54 0
19,55 0
19,56 0
19,57 0
19,58 2
19,59 0
19,60 0
19,61 1
19,62 0
19,63 2
19,64 0
19,65 2
19,66 1
19,67 0
19,68 1
19,69 2
19,70 1
19,71 1
19,72 0
19,73 2
19,74 1
19,75 1
19,76 2
19,77 1
19,78 1
19,79 1
19,80 1
19,81 0
19,82 1
19,83 1
19,84 2
19,85 2
19,86 2
19,87 2
19,88 2
19,89 2
19,90 0
19,91 1
19,92 1
19,93 1
19,94 1
19,95 1
19,96 2
19,97 1
19,98 0
19,99 2
20,0 0
20,1 2
20,2 1
20,3 0
20,4 2
20,5 0
20,6 2
20,7 0
20,8 0
20,9 2
20,10 1
20,11 0
20,12 2
20,13 2
20,14 2
20,15 2
20,16 0
20,17 0
20,18 1
20,19 0
20,20 2
20,21 0
20,22 0
20,23 1
20,24 2
20,25 0
20,26 2
20,27 0
20,28 1
20,29 1
20,30 0
20,31 1
20,32 1
20,33 1
20,34 1
20,35 1
20,36 1
20,37 0
20,38 1
20,39 0
20,40 1
20,41 2
20,42 1
20,43 0
20,44 0
20,45 2
20,46 2
20,47 0
20,48 1
20,49 1
20,50 2
20,51 1
20,52 2
20,53 0
20,54 1
20,55 2
20,56 2
20,57 0
20,58 0
20,59 2
20,60 1
20,61 2
20,62 0
20,63 0
20,64 2
20,65 1
20,66 1
20,67 1
20,68 2
20,69 2
20,70 2
20,71 2
20,72 1
20,73 0
20,74 0
20,75 1
20,76 1
20,77 1
20,78 1
20,79 2
20,80 1
20,81 1
20,82 1
20,83 1
20,84 2
20,85 1
20,86 2
20,87 0
20,88 2
20,89 2
20,90 1
20,91 2
20,92 2
20,93 1
20,94 2
20,95 0
20,96 1
20,97 2
20,98 2
20,99 1
21,0 0
21,1 1
21,2 2
21,3 1
21,4 2
21,5 1
21,6 2
21,7 1
21,8 2
21,9 2
21,10 2
21,11 1
21,12 2
21,13 2
21,14 0
21,15 2
21,16 1
21,17 2
21,18 2
21,19 0
21,20 1
21,21 2
21,22 0
21,23 2
21,24 0
21,25 1
21,26 2
21,27 0
21,28 0
21,29 2
21,30 0
21,31 0
21,32 1
21,33 2
21,34 2
21,35 2
21,36 2
21,37 1
21,38 0
21,39 1
21,40 0
21,41 0
21,42 1
21,43 2
21,44 2
21,45 2
21,46 0
21,47 0
21,48 0
21,49 0
21,50 2
21,51 2
21,52 0
21,53 0
21,54 2
21,55 1
21,56 2
21,57 1
21,58 0
21,59 2
21,60 1
21,61 1
21,62 1
21,63 0
21,64 2
21,65 1
21,66 0
21,67 0
21,68 2
21,69 2
21,70 1
21,71 1
21,72 1
21,73 2
21,74 1
21,75 1
21,76 2
21,77 2
21,78 2
21,79 1
21,80 0
21,81 0
21,82 2
21,83 2
21,84 1
21,85 1
21,86 0
21,87 0
21,88 1
21,89 0
21,90 0
21,91 1
21,92 0
21,93 0
21,94 0
21,95 1
21,96 1
21,97 0
21,98 1
21,99 1
22,0 1
22,1 2
22,2 2
22,3 0
22,4 2
22,5 0
22,6 1
22,7 2
22,8 1
22,9 2
22,10 0
22,11 1
22,12 1
22,13 2
22,14 1
22,15 1
22,16 2
22,17 0
22,18 0
22,19 0
22,20 0
22,21 2
22,22 0
22,23 2
22,24 0
22,25 0
22,26 1
22,27 1
22,28 2
22,29 1
22,30 2
22,31 0
22,32 2
22,33 1
22,34 2
22,35 1
22,36 1
22,37 1
22,38 1
22,39 0
22,40 0
22,41 1
22,42 2
22,43 0
22,44 0
22,45 2
22,46 2
22,47 1
22,48 2
22,49 2
22,50 2
22,51 1
22,52 2
22,53 2
22,54 0
22,55 2
22,56 2
22,57 1
22,58 1
22,59 2
22,60 0
22,61 2
22,62 2
22,63 0
22,64 2
22,65 0
22,66 2
22,67 2
22,68 2
22,69 2
22,70 1
22,71 1
22,72 0
22,73 0
22,74 1
22,75 0
22,76 0
22,77 0
22,78 2
22,79 1
22,80 1
22,81 2
22,82 1
22,83 2
22,84 0
22,85 2
22,86 0
22,87 1
22,88 1
22,89 0
22,90 2
22,91 1
22,92 2
22,93 0
22,94 2
22,95 0
22,96 2
22,97 1
22,98 0
22,99 0
23,0 0
23,1 2
23,2 1
23,3 1
23,4 1
23,5 2
23,6 1
23,7 2
23,8 1
23,9 2
23,10 0
23,11 2
23,12 0
23,13 1
23,14 2
23,15 1
23,16 2
23,17 0
23,18 0
23,19 0
23,20 0
23,21 2
23,22 1
23,23 1
23,24 1
23,25 2
23,26 1
23,27 0
23,28 2
23,29 1
23,30 1
23,31 2
23,32 2
23,33 1
23,34 2
23,35 1
23,36 1
23,37 0
23,38 2
23,39 1
23,40 2
23,41 2
23,42 0
23,43 1
23,44 2
23,45 0
23,46 0
23,47 1
23,48 0
23,49 2
23,50 2
23,51 2
23,52 2
23,53 0
23,54 0
23,55 1
23,56 2
23,57 2
23,58 2
23,59 1
23,60 1
23,61 2
23,62 2
23,63 0
23,64 1
23,65 1
23,66 0
23,67 2
23,68 2
23,69 0
23,70 1
23,71 1
23,72 1
23,73 1
23,74 1
23,75 2
23,76 1
23,77 0
23,78 0
23,79 0
23,80 2
23,81 0
23,82 1
23,83 2
23,84 1
23,85 2
23,86 1
23,87 0
23,88 0
23,89 2
23,90 2
23,91 2
23,92 2
23,93 1
23,94 0
23,95 1
23,96 1
23,97 1
23,98 2
23,99 2
24,0 0
24,1 1
24,2 1
24,3 0
24,4 2
24,5 2
24,6 1
24,7 0
24,8 1
24,9 0
24,10 1
24,11 2
24,12 0
24,13 1
24,14 1
24,15 2
24,16 2
24,17 2
24,18 0
24,19 1
24,20 1
24,21 0
24,22 2
24,23 1
24,24 1
24,25 0
24,26 2
24,27 1
24,28 1
24,29 1
24,30 2
24,31 2
24,32 1
24,33 2
24,34 1
24,35 2
24,36 1
24,37 0
24,38 0
24,39 1
24,40 2
24,41 2
24,42 1
24,43 1
24,44 1
24,45 0
24,46 2
24,47 2
24,48 2
24,49 0
24,50 1
24,51 0
24,52 1
24,53 0
24,54 2
24,55 0
24,56 2
24,57 1
24,58 2
24,59 1
24,60 2
24,61 0
24,62 1
24,63 2
24,64 2
24,65 2
24,66 0
24,67 0
24,68 0
24,69 2
24,70 0
24,71 1
24,72 1
24,73 2
24,74 1
24,75 0
24,76 2
24,77 2
24,78 1
24,79 1
24,80 1
24,81 0
24,82 0
24,83 2
24,84 1
24,85 0
24,86 1
24,87 1
24,88 2
24,89 0
24,90 0
24,91 2
24,92 1
24,93 2
24,94 0
24,95 1
24,96 2
24,97 2
24,98 0
24,99 1
25,0 1
25,1 2
25,2 0
25,3 0
25,4 1
25,5 0
25,6 2
25,7 2
25,8 0
25,9 1
25,10 1
25,11 0
25,12 0
25,13 0
25,14 1
25,15 1
25,16 1
25,17 0
25,18 1
25,19 0
25,20 2
25,21 2
25,22 0
25,23 0
25,24 2
25,25 2
25,26 2
25,27 1
25,28 1
25,29 2
25,30 0
25,31 1
25,32 2
25,33 0
25,34 1
25,35 1
25,36 0
25,37 2
25,38 2
25,39 0
25,40 0
25,41 1
25,42 2
25,43 0
25,44 0
25,45 0
25,46 1
25,47 0
25,48 1
25,49 1
25,50 2
25,51 0
25,52 2
25,53 1
25,54 2
25,55 2
25,56 1
25,57 1
25,58 1
25,59 0
25,60 2
25,61 2
25,62 1
25,63 1
25,64 1
25,65 1
25,66 1
25,67 1
25,68 0
25,69 1
25,70 0
25,71 1
25,72 1
25,73 1
25,74 0
25,75 0
25,76 2
25,77 2
25,78 1
25,79 0
25,80 2
25,81 1
25,82 2
25,83 0
25,84 1
25,85 0
25,86 0
25,87 1
25,88 0
25,89 2
25,90 1
25,91 0
25,92 2
25,93 1
25,94 1
25,95 0
25,96 0
25,97 0
25,98 1
25,99 0
26,0 0
26,1 0
26,2 2
26,3 1
26,4 0
26,5 0
26,6 1
26,7 1
26,8 0
26,9 2
26,10 0
26,11 2
26,12 1
26,13 1
26,14 2
26,15 0
26,16 2
26,17 2
26,18 0
26,19 0
26,20 1
26,21 2
26,22 2
26,23 1
26,24 0
26,25 2
26,26 0
26,27 1
26,28 1
26,29 0
26,30 1
26,31 2
26,32 2
26,33 1
26,34 2
26,35 0
26,36 2
26,37 0
26,38 1
26,39 2
26,40 1
26,41 2
26,42 1
26,43 2
26,44 0
26,45 0
26,46 0
26,47 0
26,48 0
26,49 0
26,50 1
26,51 0
26,52 1
26,53 2
26,54 0
26,55 0
26,56 2
26,57 0
26,58 2
26,59 2
26,60 0
26,61 1
26,62 0
26,63 0
26,64 1
26,65 2
26,66 0
26,67 1
26,68 1
26,69 2
26,70 1
26,71 0
26,72 2
26,73 2
26,74 1
26,75 0
26,76 0
26,77 1
26,78 0
26,79 1
26,80 2
26,81 1
26,82 2
26,83 1
26,84 2
26,85 2
26,86 1
26,87 1
26,88 1
26,89 1
26,90 1
26,91 0
26,92 1
26,93 2
26,94 2
26,95 0
26,96 1
26,97 1
26,98 0
26,99 1
27,0 1
27,1 2
27,2 2
27,3 2
27,4 2
27,5 1
27,6 2
27,7 1
27,8 0
27,9 2
27,10 1
27,11 0
27,12 0
27,13 0
27,14 2
27,15 2
27,16 2
27,17 0
27,18 0
27,19 0
27,20 0
27,21 1
27,22 1
27,23 2
27,24 0
27,25 1
27,26 1
27,27 0
27,28 2
27,29 0
27,30 1
27,31 0
27,32 2
27,33 0
27,34 1
27,35 1
27,36 1
27,37 2
27,38 0
27,39 2
27,40 0
27,41 2
27,42 2
27,43 1
27,44 0
27,45 2
27,46 2
27,47 2
27,48 2
27,49 2
27,50 2
27,51 2
27,52 1
27,53 2
27,54 0
27,55 0
27,56 0
27,57 0
27,58 1
27,59 2
27,60 2
27,61 1
27,62 0
27,63 1
27,64 0
27,65 2
27,66 2
27,67 2
27,68 2
27,69 2
27,70 0
27,71 2
27,72 2
27,73 0
27,74 1
27,75 2
27,76 0
27,77 2
27,78 1
27,79 0
27,80 2
27,81 2
27,82 2
27,83 2
27,84 2
27,85 2
27,86 0
27,87 1
27,88 0
27,89 2
27,90 2
27,91 1
27,92 1
27,93 2
27,94 1
27,95 1
27,96 1
27,97 1
27,98 1
27,99 0
28,0 0
28,1 2
28,2 0
28,3 1
28,4 1
28,5 0
28,6 1
28,7 1
28,8 1
28,9 0
28,10 1
28,11 2
28,12 0
28,13 0
28,14 2
28,15 0
28,16 0
28,17 2
28,18 2
28,19 2
28,20 2
28,21 0
28,22 0
28,23 2
28,24 1
28,25 2
28,26 1
28,27 2
28,28 0
28,29 0
28,30 1
28,31 1
28,32 2
28,33 1
28,34 2
28,35 0
28,36 1
28,37 2
28,38 1
28,39 2
28,40 0
28,41 0
28,42 0
28,43 2
28,44 2
28,45 0
28,46 1
28,47 1
28,48 1
28,49 2
28,50 0
28,51 1
28,52 2
28,53 0
28,54 1
28,55 0
28,56 0
28,57 0
28,58 0
28,59 2
28,60 0
28,61 2
28,62 0
28,63 2
28,64 1
28,65 2
28,66 2
28,67 2
28,68 1
28,69 2
28,70 1
28,71 2
28,72 0
28,73 2
28,74 0
28,75 2
28,76 1
28,77 2
28,78 2
28,79 2
28,80 0
28,81 2
28,82 2
28,83 2
28,84 2
28,85 0
28,86 1
28,87 1
28,88 0
28,89 0
28,90 2
28,91 2
28,92 0
28,93 1
28,94 2
28,95 0
28,96 0
28,97 1
28,98 2
28,99 1
29,0 1
29,1 2
29,2 0
29,3 0
29,4 2
29,5 1
29,6 1
29,7 0
29,8 1
29,9 1
29,10 0
29,11 1
29,12 0
29,13 2
29,14 0
29,15 2
29,16 2
29,17 2
29,18 1
29,19 2
29,20 2
29,21 0
29,22 0
29,23 1
29,24 1
29,25 1
29,26 1
29,27 0
29,28 2
29,29 2
29,30 1
29,31 2
29,32 2
29,33 1
29,34 0
29,35 1
29,36 2
29,37 1
29,38 2
29,39 0
29,40 1
29,41 2
29,42 2
29,43 1
29,44 0
29,45 2
29,46 1
29,47 1
29,48 2
29,49 2
29,50 1
29,51 1
29,52 2
29,53 2
29,54 1
29,55 1
29,56 0
29,57 0
29,58 1
29,59 0
29,60 0
29,61 1
29,62 1
29,63 2
29,64 1
29,65 2
29,66 2
29,67 1
29,68 2
29,69 0
29,70 2
29,71 2
29,72 1
29,73 2
29,74 1
29,75 1
29,76 0
29,77 0
29,78 1
29,79 1
29,80 2
29,81 2
29,82 0
29,83 1
29,84 0
29,85 1
29,86 2
29,87 1
29,88 2
29,89 0
29,90 2
29,91 0
29,92 1
29,93 1
29,94 0
29,95 0
29,96 2
29,97 0
29,98 0
29,99 2
30,0 2
30,1 0
30,2 2
30,3 1
30,4 2
30,5 0
30,6 1
30,7 0
30,8 1
30,9 0
30,10 1
30,11 2
30,12 1
30,13 2
30,14 2
30,15 2
30,16 1
30,17 2
30,18 0
30,19 1
30,20 1
30,21 0
30,22 1
30,23 0
30,24 0
30,25 0
30,26 1
30,27 1
30,28 1
30,29 0
30,30 1
30,31 0
30,32 0
30,33 0
30,34 0
30,35 1
30,36 1
30,37 2
30,38 1
30,39 2
30,40 2
30,41 2
30,42 2
30,43 2
30,44 0
30,45 0
30,46 1
30,47 1
30,48 0
30,49 2
30,50 0
30,51 0
30,52 1
30,53 1
30,54 2
30,55 0
30,56 1
30,57 0
30,58 1
30,59 2
30,60 1
30,61 2
30,62 0
30,63 0
30,64 1
30,65 0
30,66 1
30,67 2
30,68 2
30,69 0
30,70 0
30,71 2
30,72 2
30,73 1
30,74 0
30,75 0
30,76 2
30,77 2
30,78 1
30,79 2
30,80 1
30,81 0
30,82 0
30,83 0
30,84 1
30,85 1
30,86 2
30,87 1
30,88 0
30,89 0
30,90 1
30,91 1
30,92 0
30,93 2
30,94 2
30,95 0
30,96 1
30,97 0
30,98 1
30,99 1
31,0 0
31,1 0
31,2 0
31,3 2
31,4 0
31,5 2
31,6 0
31,7 1
31,8 2
31,9 1
31,10 1
31,11 0
31,12 2
31,13 2
31,14 1
31,15 1
31,16 1
31,17 1
31,18 1
31,19 1
31,20 0
31,21 2
31,22 1
31,23 0
31,24 0
31,25 1
31,26 0
31,27 0
31,28 2
31,29 2
31,30 2
31,31 1
31,32 1
31,33 1
31,34 2
31,35 1
31,36 2
31,37 0
31,38 0
31,39 2
31,40 0
31,41 1
31,42 1
31,43 1
31,44 0
31,45 0
31,46 1
31,47 1
31,48 2
31,49 0
31,50 2
31,51 1
31,52 1
31,53 2
31,54 1
31,55 1
31,56 0
31,57 0
31,58 0
31,59 1
31,60 0
31,61 2
31,62 2
31,63 0
31,64 2
31,65 2
31,66 2
31,67 1
31,68 2
31,69 2
31,70 1
31,71 0
31,72 1
31,73 0
31,74 0
31,75 2
31,76 0
31,77 2
31,78 0
31,79 0
31,80 0
31,81 2
31,82 0
31,83 0
31,84 0
31,85 0
31,86 1
31,87 2
31,88 1
31,89 0
31,90 0
31,91 1
31,92 1
31,93 1
31,94 2
31,95 1
31,96 2
31,97 0
31,98 0
31,99 1
32,0 1
32,1 0
32,2 0
32,3 0
32,4 1
32,5 2
32,6 2
32,7 2
32,8 0
32,9 1
32,10 2
32,11 2
32,12 0
32,13 2
32,14 2
32,15 1
32,16 2
32,17 2
32,18 1
32,19 1
32,20 0
32,21 0
32,22 1
32,23 1
32,24 2
32,25 2
32,26 1
32,27 1
32,28 0
32,29 1
32,30 2
32,31 1
32,32 2
32,33 2
32,34 1
32,35 0
32,36 2
32,37 1
32,38 2
32,39 1
32,40 2
32,41 0
32,42 2
32,43 0
32,44 1
32,45 1
32,46 1
32,47 0
32,48 1
32,49 1
32,50 0
32,51 2
32,52 1
32,53 0
32,54 1
32,55 1
32,56 2
32,57 1
32,58 0
32,59 0
32,60 1
32,61 0
32,62 0
32,63 0
32,64 0
32,65 1
32,66 1
32,67 1
32,68 2
32,69 1
32,70 0
32,71 0
32,72 0
32,73 2
32,74 0
32,75 1
32,76 2
32,77 0
32,78 0
32,79 1
32,80 2
32,81 2
32,82 1
32,83 0
32,84 1
32,85 1
32,86 0
32,87 1
32,88 0
32,89 2
32,90 1
32,91 1
32,92 0
32,93 0
32,94 2
32,95 0
32,96 2
32,97 0
32,98 2
32,99 1
33,0 1
33,1 0
33,2 1
33,3 1
33,4 1
33,5 1
33,6 0
33,7 2
33,8 1
33,9 2
33,10 1
33,11 0
33,12 0
33,13 1
33,14 1
33,15 1
33,16 1
33,17 2
33,18 0
33,19 2
33,20 2
33,21 1
33,22 1
33,23 2
33,24 2
33,25 2
33,26 1
33,27 0
33,28 2
33,29 2
33,30 2
33,31 0
33,32 1
33,33 0
33,34 2
33,35 0
33,36 0
33,37 2
33,38 2
33,39 1
33,40 0
33,41 1
33,42 2
33,43 0
33,44 1
33,45 2
33,46 1
33,47 2
33,48 2
33,49 2
33,50 1
33,51 0
33,52 2
33,53 1
33,54 0
33,55 0
33,56 2
33,57 0
33,58 0
33,59 1
33,60 1
33,61 0
33,62 2
33,63 2
33,64 2
33,65 1
33,66 1
33,67 1
33,68 1
33,69 0
33,70 2
33,71 0
33,72 2
33,73 1
33,74 2
33,75 0
33,76 0
33,77 1
33,78 1
33,79 2
33,80 0
33,81 1
33,82 0
33,83 2
33,84 1
33,85 2
33,86 0
33,87 1
33,88 1
33,89 1
33,90 2
33,91 1
33,92 2
33,93 2
33,94 0
33,95 2
33,96 0
33,97 2
33,98 2
33,99 1
34,0 2
34,1 1
34,2 1
34,3 2
34,4 2
34,5 0
34,6 1
34,7 0
34,8 0
34,9 0
34,10 0
34,11 0
34,12 1
34,13 2
34,14 1
34,15 2
34,16 1
34,17 2
34,18 1
34,19 1
34,20 0
34,21 1
34,22 1
34,23 2
34,24 1
34,25 2
34,26 1
34,27 0
34,28 2
34,29 1
34,30 1
34,31 0
34,32 0
34,33 0
34,34 0
34,35 2
34,36 0
34,37 2
34,38 1
34,39 1
34,40 2
34,41 0
34,42 0
34,43 1
34,44 0
34,45 2
34,46 2
34,47 0
34,48 0
34,49 1
34,50 2
34,51 1
34,52 1
34,53 0
34,54 2
34,55 2
34,56 0
34,57 1
34,58 2
34,59 1
34,60 1
34,61 1
34,62 0
34,63 2
34,64 0
34,65 1
34,66 0
34,67 0
34,68 1
34,69 2
34,70 1
34,71 1
34,72 1
34,73 1
34,74 2
34,75 0
34,76 0
34,77 1
34,78 2
34,79 2
34,80 0
34,81 1
34,82 1
34,83 1
34,84 1
34,85 1
34,86 2
34,87 0
34,88 2
34,89 2
34,90 1
34,91 2
34,92 0
34,93 2
34,94 2
34,95 0
34,96 2
34,97 0
34,98 1
34,99 2
35,0 2
35,1 2
35,2 1
35,3 0
35,4 1
35,5 0
35,6 1
35,7 1
35,8 1
35,9 1
35,10 2
35,11 0
35,12 0
35,13 1
35,14 0
35,15 0
35,16 0
35,17 1
35,18 1
35,19 0
35,20 1
35,21 0
35,22 0
35,23 1
35,24 0
35,25 0
35,26 0
35,27 0
35,28 0
35,29 0
35,30 2
35,31 2
35,32 1
35,33 1
35,34 2
35,35 0
35,36 0
35,37 2
35,38 2
35,39 2
35,40 1
35,41 1
35,42 0
35,43 0
35,44 1
35,45 1
35,46 0
35,47 2
35,48 0
35,49 1
35,50 2
35,51 1
35,52 1
35,53 1
35,54 0
35,55 0
35,56 0
35,57 2
35,58 1
35,59 0
35,60 1
35,61 1
35,62 0
35,63 1
35,64 2
35,65 1
35,66 1
35,67 0
35,68 1
35,69 2
35,70 2
35,71 1
35,72 0
35,73 0
35,74 1
35,75 0
35,76 0
35,77 0
35,78 1
35,79 0
35,80 1
35,81 2
35,82 1
35,83 0
35,84 2
35,85 0
35,86 1
35,87 2
35,88 1
35,89 0
35,90 0
35,91 2
35,92 0
35,93 1
35,94 0
35,95 2
35,96 2
35,97 1
35,98 0
35,99 1
36,0 1
36,1 0
36,2 1
36,3 0
36,4 2
36,5 2
36,6 0
36,7 0
36,8 2
36,9 0
36,10 2
36,11 2
36,12 2
36,13 0
36,14 1
36,15 2
36,16 2
36,17 1
36,18 0
36,19 2
36,20 1
36,21 1
36,22 0
36,23 1
36,24 2
36,25 2
36,26 2
36,27 0
36,28 0
36,29 0
36,30 0
36,31 2
36,32 2
36,33 0
36,34 0
36,35 0
36,36 2
36,37 0
36,38 2
36,39 1
36,40 2
36,41 2
36,42 1
36,43 1
36,44 1
36,45 0
36,46 2
36,47 2
36,48 1
36,49 0
36,50 0
36,51 0
36,52 1
36,53 1
36,54 1
36,55 1
36,56 0
36,57 2
36,58 1
36,59 2
36,60 2
36,61 1
36,62 2
36,63 0
36,64 1
36,65 2
36,66 0
36,67 0
36,68 2
36,69 1
36,70 2
36,71 1
36,72 0
36,73 2
36,74 2
36,75 1
36,76 2
36,77 2
36,78 2
36,79 1
36,80 1
36,81 0
36,82 2
36,83 0
36,84 1
36,85 0
36,86 2
36,87 1
36,88 1
36,89 2
36,90 2
36,91 1
36,92 2
36,93 0
36,94 0
36,95 0
36,96 2
36,97 0
36,98 2
36,99 2
37,0 2
37,1 1
37,2 1
37,3 1
37,4 0
37,5 0
37,6 1
37,7 0
37,8 1
37,9 1
37,10 0
37,11 0
37,12 1
37,13 0
37,14 1
37,15 2
37,16 2
37,17 2
37,18 1
37,19 1
37,20 2
37,21 0
37,22 1
37,23 1
37,24 1
37,25 0
37,26 2
37,27 0
37,28 2
37,29 0
37,30 0
37,31 2
37,32 1
37,33 1
37,34 1
37,35 2
37,36 0
37,37 2
37,38 2
37,39 0
37,40 1
37,41 0
37,42 2
37,43 1
37,44 1
37,45 2
37,46 1
37,47 2
37,48 1
37,49 2
37,50 0
37,51 1
37,52 2
37,53 0
37,54 2
37,55 0
37,56 0
37,57 2
37,58 1
37,59 2
37,60 0
37,61 1
37,62 0
37,63 2
37,64 2
37,65 1
37,66 0
37,67 0
37,68 1
37,69 0
37,70 2
37,71 2
37,72 2
37,73 0
37,74 0
37,75 1
37,76 2
37,77 2
37,78 0
37,79 2
37,80 1
37,81 1
37,82 0
37,83 2
37,84 2
37,85 0
37,86 0
37,87 1
37,88 0
37,89 0
37,90 0
37,91 0
37,92 1
37,93 2
37,94 1
37,95 1
37,96 2
37,97 1
37,98 2
37,99 0
38,0 0
38,1 1
38,2 0
38,3 1
38,4 0
38,5 1
38,6 0
38,7 1
38,8 1
38,9 1
38,10 1
38,11 0
38,12 0
38,13 0
38,14 0
38,15 0
38,16 2
38,17 1
38,18 1
38,19 0
38,20 0
38,21 0
38,22 0
38,23 1
38,24 1
38,25 2
38,26 0
38,27 2
38,28 1
38,29 2
38,30 1
38,31 0
38,32 1
38,33 1
38,34 0
38,35 2
38,36 0
38,37 1
38,38 1
38,39 2
38,40 2
38,41 2
38,42 2
38,43 2
38,44 2
38,45 2
38,46 0
38,47 1
38,48 2
38,49 2
38,50 0
38,51 1
38,52 1
38,53 1
38,54 0
38,55 1
38,56 1
38,57 2
38,58 0
38,59 0
38,60 2
38,61 0
38,62 1
38,63 2
38,64 0
38,65 2
38,66 0
38,67 1
38,68 2
38,69 2
38,70 2
38,71 2
38,72 2
38,73 0
38,74 2
38,75 0
38,76 2
38,77 2
38,78 2
38,79 1
38,80 1
38,81 2
38,82 0
38,83 2
38,84 0
38,85 1
38,86 0
38,87 1
38,88 2
38,89 1
38,90 1
38,91 1
38,92 2
38,93 2
38,94 2
38,95 2
38,96 1
38,97 0
38,98 0
38,99 1
39,0 2
39,1 0
39,2 0
39,3 2
39,4 0
39,5 2
39,6 0
39,7 2
39,8 2
39,9 1
39,10 2
39,11 1
39,12 1
39,13 1
39,14 2
39,15 1
39,16 1
39,17 2
39,18 2
39,19 0
39,20 2
39,21 0
39,22 0
39,23 1
39,24 1
39,25 1
39,26 1
39,27 1
39,28 0
39,29 2
39,30 0
39,31 1
39,32 0
39,33 0
39,34 0
39,35 2
39,36 2
39,37 0
39,38 1
39,39 2
39,40 0
39,41 2
39,42 0
39,43 1
39,44 1
39,45 2
39,46 0
39,47 2
39,48 2
39,49 0
39,50 2
39,51 2
39,52 1
39,53 1
39,54 2
39,55 0
39,56 2
39,57 1
39,58 0
39,59 2
39,60 0
39,61 1
39,62 1
39,63 0
39,64 1
39,65 2
39,66 1
39,67 2
39,68 0
39,69 0
39,70 1
39,71 1
39,72 2
39,73 2
39,74 2
39,75 0
39,76 1
39,77 1
39,78 0
39,79 0
39,80 0
39,81 2
39,82 2
39,83 0
39,84 0
39,85 1
39,86 1
39,87 1
39,88 1
39,89 2
39,90 2
39,91 0
39,92 0
39,93 0
39,94 0
39,95 1
39,96 2
39,97 0
39,98 1
39,99 1
40,0 2
40,1 1
40,2 2
40,3 1
40,4 2
40,5 1
40,6 0
40,7 1
40,8 1
40,9 1
40,10 1
40,11 1
40,12 2
40,13 2
40,14 0
40,15 1
40,16 0
40,17 2
40,18 2
40,19 1
40,20 1
40,21 0
40,22 0
40,23 1
40,24 0
40,25 1
40,26 0
40,27 2
40,28 1
40,29 2
40,30 2
40,31 2
40,32 0
40,33 2
40,34 1
40,35 2
40,36 0
40,37 0
40,38 2
40,39 1
40,40 1
40,41 0
40,42 2
40,43 1
40,44 0
40,45 1
40,46 2
40,47 2
40,48 0
40,49 1
40,50 0
40,51 2
40,52 0
40,53 0
40,54 2
40,55 2
40,56 1
40,57 0
40,58 2
40,59 1
40,60 1
40,61 2
40,62 2
40,63 0
40,64 1
40,65 1
40,66 0
40,67 2
40,68 0
40,69 2
40,70 1
40,71 1
40,72 1
40,73 2
40,74 1
40,75 0
40,76 1
40,77 1
40,78 2
40,79 0
40,80 2
40,81 2
40,82 1
40,83 0
40,84 0
40,85 1
40,86 1
40,87 1
40,88 2
40,89 1
40,90 2
40,91 0
40,92 1
40,93 0
40,94 1
40,95 0
40,96 1
40,97 0
40,98 0
40,99 1
41,0 0
41,1 0
41,2 2
41,3 0
41,4 0
41,5 0
41,6 0
41,7 2
41,8 2
41,9 2
41,10 2
41,11 0
41,12 1
41,13 0
41,14 2
41,15 1
41,16 1
41,17 2
41,18 2
41,19 1
41,20 0
41,21 0
41,22 2
41,23 1
41,24 2
41,25 1
41,26 0
41,27 1
41,28 2
41,29 2
41,30 0
41,31 1
41,32 0
41,33 1
41,34 0
41,35 2
41,36 2
41,37 2
41,38 0
41,39 0
41,40 0
41,41 2
41,42 2
41,43 1
41,44 0
41,45 2
41,46 2
41,47 2
41,48 0
41,49 0
41,50 2
41,51 2
41,52 1
41,53 0
41,54 0
41,55 2
41,56 1
41,57 1
41,58 1
41,59 1
41,60 1
41,61 1
41,62 1
41,63 0
41,64 1
41,65 1
41,66 2
41,67 2
41,68 2
41,69 1
41,70 2
41,71 0
41,72 2
41,73 2
41,74 1
41,75 0
41,76 2
41,77 0
41,78 0
41,79 1
41,80 0
41,81 0
41,82 0
41,83 2
41,84 0
41,85 2
41,86 2
41,87 2
41,88 0
41,89 1
41,90 1
41,91 2
41,92 0
41,93 1
41,94 1
41,95 2
41,96 2
41,97 1
41,98 1
41,99 2
42,0 0
42,1 0
42,2 1
42,3 0
42,4 2
42,5 0
42,6 0
42,7 1
42,8 1
42,9 1
42,10 2
42,11 0
42,12 2
42,13 1
42,14 0
42,15 1
42,16 2
42,17 2
42,18 0
42,19 1
42,20 2
42,21 0
42,22 1
42,23 2
42,24 0
42,25 2
42,26 1
42,27 0
42,28 1
42,29 0
42,30 1
42,31 0
42,32 1
42,33 0
42,34 1
42,35 2
42,36 1
42,37 1
42,38 0
42,39 1
42,40 1
42,41 2
42,42 2
42,43 2
42,44 2
42,45 0
42,46 0
42,47 2
42,48 0
42,49 2
42,50 2
42,51 0
42,52 0
42,53 0
42,54 1
42,55 0
42,56 1
42,57 2
42,58 0
42,59 1
42,60 2
42,61 1
42,62 2
42,63 2
42,64 2
42,65 2
42,66 0
42,67 1
42,68 0
42,69 2
42,70 0
42,71 2
42,72 2
42,73 2
42,74 2
42,75 1
42,76 2
42,77 1
42,78 0
42,79 2
42,80 2
42,81 0
42,82 1
42,83 1
42,84 1
42,85 2
42,86 0
42,87 2
42,88 0
42,89 1
42,90 0
42,91 0
42,92 1
42,93 2
42,94 2
42,95 0
42,96 2
42,97 2
42,98 2
42,99 1
43,0 0
43,1 0
43,2 1
43,3 1
43,4 2
43,5 2
43,6 1
43,7 2
43,8 2
43,9 2
43,10 0
43,11 1
43,12 0
43,13 0
43,14 2
43,15 1
43,16 0
43,17 1
43,18 1
43,19 2
43,20 2
43,21 1
43,22 1
43,23 1
43,24 2
43,25 2
43,26 2
43,27 1
43,28 1
43,29 1
43,30 0
43,31 1
43,32 0
43,33 0
43,34 0
43,35 0
43,36 1
43,37 2
43,38 0
43,39 2
43,40 2
43,41 2
43,42 2
43,43 1
43,44 1
43,45 1
43,46 2
43,47 0
43,48 0
43,49 1
43,50 2
43,51 2
43,52 2
43,53 0
43,54 1
43,55 1
43,56 1
43,57 2
43,58 2
43,59 2
43,60 0
43,61 1
43,62 0
43,63 1
43,64 1
43,65 0
43,66 0
43,67 2
43,68 0
43,69 1
43,70 0
43,71 1
43,72 2
43,73 0
43,74 1
43,75 1
43,76 0
43,77 1
43,78 0
43,79 0
43,80 1
43,81 2
43,82 0
43,83 2
43,84 2
43,85 0
43,86 2
43,87 1
43,88 2
43,89 0
43,90 1
43,91 1
43,92 2
43,93 2
43,94 1
43,95 1
43,96 0
43,97 0
43,98 0
43,99 0
44,0 1
44,1 2
44,2 1
44,3 1
44,4 2
44,5 2
44,6 2
44,7 2
44,8 2
44,9 2
44,10 1
44,11 0
44,12 2
44,13 2
44,14 1
44,15 1
44,16 0
44,17 0
44,18 0
44,19 1
44,20 2
44,21 1
44,22 1
44,23 2
44,24 2
44,25 2
44,26 0
44,27 1
44,28 1
44,29 2
44,30 1
44,31 1
44,32 2
44,33 2
44,34 2
44,35 0
44,36 2
44,37 0
44,38 1
44,39 2
44,40 0
44,41 2
44,42 2
44,43 2
44,44 1
44,45 0
44,46 2
44,47 0
44,48 0
44,49 1
44,50 1
44,51 1
44,52 2
44,53 2
44,54 1
44,55 1
44,56 0
44,57 0
44,58 1
44,59 0
44,60 0
44,61 2
44,62 0
44,63 2
44,64 2
44,65 1
44,66 0
44,67 1
44,68 1
44,69 2
44,70 1
44,71 2
44,72 0
44,73 0
44,74 2
44,75 1
44,76 0
44,77 0
44,78 1
44,79 1
44,80 2
44,81 0
44,82 0
44,83 2
44,84 2
44,85 1
44,86 0
44,87 1
44,88 2
44,89 1
44,90 1
44,91 2
44,92 2
44,93 2
44,94 2
44,95 1
44,96 1
44,97 1
44,98 0
44,99 0
45,0 1
45,1 0
45,2 1
45,3 1
45,4 2
45,5 0
45,6 1
45,7 2
45,8 0
45,9 2
45,10 2
45,11 0
45,12 0
45,13 2
45,14 2
45,15 1
45,16 1
45,17 0
45,18 1
45,19 2
45,20 2
45,21 2
45,22 0
45,23 2
45,24 0
45,25 2
45,26 0
45,27 1
45,28 2
45,29 0
45,30 0
45,31 2
45,32 2
45,33 0
45,34 0
45,35 1
45,36 1
45,37 1
45,38 0
45,39 1
45,40 0
45,41 0
45,42 2
45,43 1
45,44 1
45,45 1
45,46 0
45,47 0
45,48 1
45,49 0
45,50 1
45,51 1
45,52 2
45,53 0
45,54 1
45,55 0
45,56 2
45,57 2
45,58 0
45,59 2
45,60 2
45,61 1
45,62 0
45,63 2
45,64 1
45,65 0
45,66 0
45,67 0
45,68 0
45,69 0
45,70 1
45,71 1
45,72 2
45,73 0
45,74 1
45,75 1
45,76 1
45,77 0
45,78 0
45,79 0
45,80 1
45,81 0
45,82 1
45,83 1
45,84 0
45,85 0
45,86 1
45,87 0
45,88 0
45,89 2
45,90 0
45,91 1
45,92 2
45,93 0
45,94 2
45,95 2
45,96 2
45,97 2
45,98 1
45,99 2
46,0 2
46,1 1
46,2 2
46,3 2
46,4 0
46,5 1
46,6 1
46,7 1
46,8 0
46,9 1
46,10 1
46,11 1
46,12 1
46,13 0
46,14 0
46,15 1
46,16 0
46,17 2
46,18 1
46,19 2
46,20 2
46,21 2
46,22 1
46,23 2
46,24 2
46,25 2
46,26 1
46,27 0
46,28 0
46,29 2
46,30 0
46,31 0
46,32 2
46,33 1
46,34 1
46,35 0
46,36 2
46,37 2
46,38 0
46,39 2
46,40 2
46,41 0
46,42 1
46,43 2
46,44 1
46,45 2
46,46 1
46,47 1
46,48 1
46,49 1
46,50 2
46,51 2
46,52 1
46,53 1
46,54 1
46,55 2
46,56 1
46,57 0
46,58 1
46,59 0
46,60 1
46,61 1
46,62 1
46,63 0
46,64 1
46,65 2
46,66 1
46,67 0
46,68 1
46,69 2
46,70 1
46,71 2
46,72 2
46,73 1
46,74 0
46,75 2
46,76 2
46,77 0
46,78 1
46,79 0
46,80 1
46,81 2
46,82 0
46,83 2
46,84 1
46,85 2
46,86 0
46,87 1
46,88 1
46,89 0
46,90 1
46,91 0
46,92 1
46,93 0
46,94 0
46,95 0
46,96 1
46,97 0
46,98 0
46,99 2
47,0 1
47,1 0
47,2 0
47,3 0
47,4 0
47,5 2
47,6 0
47,7 0
47,8 2
47,9 1
47,10 1
47,11 0
47,12 2
47,13 1
47,14 2
47,15 2
47,16 2
47,17 0
47,18 1
47,19 0
47,20 1
47,21 0
47,22 2
47,23 2
47,24 2
47,25 2
47,26 1
47,27 0
47,28 1
47,29 0
47,30 1
47,31 1
47,32 1
47,33 2
47,34 2
47,35 1
47,36 0
47,37 2
47,38 0
47,39 1
47,40 1
47,41 2
47,42 0
47,43 2
47,44 1
47,45 1
47,46 2
47,47 2
47,48 0
47,49 0
47,50 2
47,51 0
47,52 2
47,53 0
47,54 0
47,55 2
47,56 0
47,57 1
47,58 0
47,59 1
47,60 0
47,61 1
47,62 0
47,63 1
47,64 2
47,65 2
47,66 0
47,67 2
47,68 1
47,69 1
47,70 0
47,71 0
47,72 1
47,73 1
47,74 1
47,75 2
47,76 0
47,77 1
47,78 2
47,79 0
47,80 0
47,81 1
47,82 2
47,83 0
47,84 1
47,85 2
47,86 2
47,87 1
47,88 2
47,89 1
47,90 1
47,91 1
47,92 1
47,93 0
47,94 0
47,95 0
47,96 2
47,97 0
47,98 1
47,99 1
48,0 2
48,1 0
48,2 0
48,3 1
48,4 0
48,5 2
48,6 0
48,7 0
48,8 2
48,9 0
48,10 2
48,11 1
48,12 1
48,13 2
48,14 0
48,15 1
48,16 0
48,17 1
48,18 1
48,19 1
48,20 0
48,21 2
48,22 1
48,23 1
48,24 2
48,25 1
48,26 0
48,27 0
48,28 1
48,29 2
48,30 0
48,31 1
48,32 1
48,33 0
48,34 0
48,35 0
48,36 0
48,37 1
48,38 2
48,39 0
48,40 0
48,41 0
48,42 0
48,43 2
48,44 2
48,45 1
48,46 1
48,47 2
48,48 2
48,49 0
48,50 1
48,51 2
48,52 1
48,53 0
48,54 0
48,55 1
48,56 2
48,57 0
48,58 0
48,59 1
48,60 0
48,61 1
48,62 0
48,63 1
48,64 0
48,65 0
48,66 2
48,67 1
48,68 0
48,69 2
48,70 0
48,71 0
48,72 0
48,73 0
48,74 0
48,75 0
48,76 1
48,77 0
48,78 2
48,79 2
48,80 1
48,81 0
48,82 0
48,83 1
48,84 0
48,85 2
48,86 0
48,87 1
48,88 0
48,89 2
48,90 0
48,91 2
48,92 0
48,93 1
48,94 1
48,95 1
48,96 1
48,97 1
48,98 1
48,99 0
49,0 1
49,1 1
49,2 0
49,3 1
49,4 1
49,5 2
49,6 1
49,7 0
49,8 1
49,9 0
49,10 1
49,11 2
49,12 1
49,13 2
49,14 2
49,15 0
49,16 2
49,17 0
49,18 0
49,19 0
49,20 0
49,21 0
49,22 1
49,23 1
49,24 1
49,25 0
49,26 2
49,27 1
49,28 1
49,29 2
49,30 2
49,31 2
49,32 1
49,33 0
49,34 2
49,35 1
49,36 2
49,37 2
49,38 2
49,39 2
49,40 0
49,41 1
49,42 2
49,43 2
49,44 2
49,45 2
49,46 1
49,47 1
49,48 1
49,49 0
49,50 2
49,51 2
49,52 0
49,53 1
49,54 1
49,55 0
49,56 2
49,57 0
49,58 2
49,59 1
49,60 1
49,61 2
49,62 1
49,63 1
49,64 2
49,65 0
49,66 0
49,67 2
49,68 1
49,69 1
49,70 2
49,71 0
49,72 0
49,73 1
49,74 2
49,75 1
49,76 2
49,77 1
49,78 0
49,79 2
49,80 2
49,81 1
49,82 0
49,83 1
49,84 0
49,85 1
49,86 0
49,87 0
49,88 2
49,89 1
49,90 0
49,91 0
49,92 2
49,93 0
49,94 1
49,95 0
49,96 0
49,97 1
49,98 2
49,99 0
50,0 1
50,1 1
50,2 2
50,3 1
50,4 2
50,5 1
50,6 2
50,7 0
50,8 0
50,9 1
50,10 0
50,11 2
50,12 1
50,13 0
50,14 2
50,15 1
50,16 0
50,17 2
50,18 2
50,19 0
50,20 2
50,21 2
50,22 0
50,23 1
50,24 1
50,25 2
50,26 0
50,27 1
50,28 0
50,29 2
50,30 2
50,31 2
50,32 2
50,33 0
50,34 0
50,35 1
50,36 0
50,37 1
50,38 1
50,39 0
50,40 1
50,41 0
50,42 1
50,43 2
50,44 2
50,45 2
50,46 1
50,47 2
50,48 2
50,49 0
50,50 1
50,51 1
50,52 2
50,53 1
50,54 0
50,55 0
50,56 2
50,57 2
50,58 1
50,59 2
50,60 1
50,61 2
50,62 1
50,63 1
50,64 1
50,65 0
50,66 1
50,67 2
50,68 0
50,69 2
50,70 2
50,71 2
50,72 1
50,73 2
50,74 2
50,75 2
50,76 0
50,77 1
50,78 2
50,79 2
50,80 2
50,81 2
50,82 2
50,83 0
50,84 0
50,85 1
50,86 2
50,87 0
50,88 1
50,89 2
50,90 2
50,91 2
50,92 2
50,93 2
50,94 2
50,95 2
50,96 2
50,97 2
50,98 1
50,99 1
51,0 2
51,1 2
51,2 1
51,3 1
51,4 2
51,5 0
51,6 2
51,7 0
51,8 2
51,9 1
51,10 1
51,11 0
51,12 2
51,13 2
51,14 2
51,15 1
51,16 2
51,17 1
51,18 0
51,19 2
51,20 2
51,21 0
51,22 2
51,23 2
51,24 0
51,25 0
51,26 2
51,27 2
51,28 2
51,29 0
51,30 1
51,31 2
51,32 1
51,33 2
51,34 0
51,35 2
51,36 0
51,37 0
51,38 2
51,39 2
51,40 2
51,41 1
51,42 0
51,43 2
51,44 0
51,45 1
51,46 0
51,47 1
51,48 2
51,49 2
51,50 1
51,51 1
51,52 2
51,53 0
51,54 2
51,55 2
51,56 0
51,57 1
51,58 2
51,59 0
51,60 1
51,61 2
51,62 2
51,63 1
51,64 2
51,65 2
51,66 0
51,67 0
51,68 0
51,69 0
51,70 1
51,71 1
51,72 1
51,73 2
51,74 1
51,75 1
51,76 2
51,77 1
51,78 0
51,79 2
51,80 1
51,81 0
51,82 0
51,83 2
51,84 2
51,85 2
51,86 2
51,87 2
51,88 2
51,89 0
51,90 0
51,91 2
51,92 0
51,93 0
51,94 1
51,95 2
51,96 0
51,97 1
51,98 2
51,99 1
52,0 2
52,1 1
52,2 0
52,3 2
52,4 2
52,5 0
52,6 0
52,7 1
52,8 2
52,9 0
52,10 1
52,11 1
52,12 2
52,13 1
52,14 1
52,15 1
52,16 2
52,17 1
52,18 0
52,19 1
52,20 2
52,21 0
52,22 1
52,23 1
52,24 0
52,25 0
52,26 1
52,27 0
52,28 2
52,29 1
52,30 0
52,31 1
52,32 1
52,33 1
52,34 1
52,35 2
52,36 2
52,37 2
52,38 0
52,39 0
52,40 1
52,41 0
52,42 2
52,43 0
52,44 1
52,45 1
52,46 1
52,47 0
52,48 2
52,49 0
52,50 2
52,51 2
52,52 0
52,53 0
52,54 1
52,55 1
52,56 1
52,57 0
52,58 1
52,59 0
52,60 1
52,61 1
52,62 1
52,63 1
52,64 2
52,65 1
52,66 1
52,67 0
52,68 2
52,69 2
52,70 1
52,71 0
52,72 0
52,73 2
52,74 0
52,75 1
52,76 1
52,77 2
52,78 0
52,79 0
52,80 0
52,81 0
52,82 2
52,83 0
52,84 1
52,85 2
52,86 1
52,87 0
52,88 2
52,89 0
52,90 2
52,91 0
52,92 2
52,93 1
52,94 1
52,95 2
52,96 1
52,97 0
52,98 2
52,99 2
53,0 2
53,1 1
53,2 0
53,3 0
53,4 2
53,5 1
53,6 1
53,7 2
53,8 2
53,9 2
53,10 1
53,11 0
53,12 1
53,13 0
53,14 1
53,15 0
53,16 1
53,17 1
53,18 0
53,19 1
53,20 1
53,21 1
53,22 2
53,23 1
53,24 2
53,25 2
53,26 1
53,27 0
53,28 0
53,29 2
53,30 2
53,31 2
53,32 0
53,33 1
53,34 2
53,35 1
53,36 1
53,37 0
53,38 2
53,39 0
53,40 0
53,41 0
53,42 2
53,43 2
53,44 0
53,45 1
53,46 1
53,47 2
53,48 1
53,49 2
53,50 0
53,51 2
53,52 1
53,53 1
53,54 0
53,55 0
53,56 0
53,57 1
53,58 2
53,59 1
53,60 2
53,61 1
53,62 2
53,63 2
53,64 2
53,65 2
53,66 1
53,67 2
53,68 1
53,69 1
53,70 1
53,71 1
53,72 1
53,73 0
53,74 0
53,75 0
53,76 1
53,77 2
53,78 1
53,79 0
53,80 1
53,81 0
53,82 2
53,83 0
53,84 0
53,85 2
53,86 1
53,87 1
53,88 0
53,89 1
53,90 1
53,91 0
53,92 2
53,93 1
53,94 0
53,95 1
53,96 0
53,97 0
53,98 1
53,99 2
54,0 0
54,1 2
54,2 2
54,3 0
54,4 1
54,5 2
54,6 0
54,7 0
54,8 2
54,9 1
54,10 2
54,11 1
54,12 2
54,13 0
54,14 2
54,15 2
54,16 2
54,17 2
54,18 1
54,19 2
54,20 0
54,21 2
54,22 0
54,23 0
54,24 1
54,25 0
54,26 2
54,27 2
54,28 0
54,29 2
54,30 1
54,31 0
54,32 2
54,33 2
54,34 0
54,35 2
54,36 2
54,37 1
54,38 0
54,39 0
54,40 2
54,41 0
54,42 1
54,43 0
54,44 2
54,45 0
54,46 1
54,47 1
54,48 1
54,49 1
54,50 0
54,51 0
54,52 1
54,53 0
54,54 0
54,55 0
54,56 2
54,57 1
54,58 1
54,59 1
54,60 1
54,61 0
54,62 1
54,63 2
54,64 1
54,65 2
54,66 0
54,67 2
54,68 0
54,69 0
54,70 2
54,71 2
54,72 0
54,73 2
54,74 2
54,75 1
54,76 1
54,77 1
54,78 0
54,79 2
54,80 2
54,81 2
54,82 2
54,83 0
54,84 0
54,85 1
54,86 0
54,87 2
54,88 1
54,89 0
54,90 2
54,91 1
54,92 1
54,93 1
54,94 2
54,95 1
54,96 2
54,97 2
54,98 1
54,99 1
55,0 2
55,1 0
55,2 0
55,3 1
55,4 1
55,5 1
55,6 2
55,7 1
55,8 0
55,9 0
55,10 2
55,11 0
55,12 0
55,13 1
55,14 0
55,15 2
55,16 2
55,17 0
55,18 2
55,19 0
55,20 2
55,21 2
55,22 0
55,23 0
55,24 0
55,25 1
55,26 1
55,27 1
55,28 0
55,29 1
55,30 1
55,31 2
55,32 0
55,33 2
55,34 2
55,35 2
55,36 1
55,37 2
55,38 2
55,39 0
55,40 1
55,41 0
55,42 0
55,43 1
55,44 2
55,45 2
55,46 1
55,47 0
55,48 1
55,49 1
55,50 0
55,51 2
55,52 0
55,53 1
55,54 0
55,55 2
55,56 2
55,57 0
55,58 2
55,59 0
55,60 2
55,61 0
55,62 0
55,63 2
55,64 1
55,65 2
55,66 0
55,67 2
55,68 2
55,69 0
55,70 0
55,71 2
55,72 1
55,73 1
55,74 0
55,75 0
55,76 2
55,77 1
55,78 1
55,79 0
55,80 2
55,81 1
55,82 1
55,83 1
55,84 2
55,85 0
55,86 2
55,87 0
55,88 0
55,89 1
55,90 2
55,91 1
55,92 0
55,93 2
55,94 0
55,95 1
55,96 2
55,97 0
55,98 0
55,99 0
56,0 1
56,1 0
56,2 1
56,3 2
56,4 0
56,5 1
56,6 2
56,7 0
56,8 0
56,9 1
56,10 2
56,11 2
56,12 0
56,13 0
56,14 0
56,15 0
56,16 0
56,17 0
56,18 2
56,19 0
56,20 1
56,21 1
56,22 2
56,23 0
56,24 1
56,25 2
56,26 2
56,27 2
56,28 1
56,29 2
56,30 2
56,31 1
56,32 2
56,33 1
56,34 1
56,35 0
56,36 0
56,37 0
56,38 1
56,39 2
56,40 1
56,41 0
56,42 0
56,43 0
56,44 2
56,45 0
56,46 1
56,47 1
56,48 1
56,49 0
56,50 2
56,51 1
56,52 2
56,53 1
56,54 2
56,55 0
56,56 1
56,57 2
56,58 2
56,59 2
56,60 1
56,61 0
56,62 0
56,63 1
56,64 0
56,65 2
56,66 2
56,67 2
56,68 1
56,69 0
56,70 2
56,71 0
56,72 2
56,73 0
56,74 2
56,75 1
56,76 2
56,77 1
56,78 2
56,79 0
56,80 2
56,81 0
56,82 1
56,83 0
56,84 2
56,85 2
56,86 0
56,87 1
56,88 1
56,89 0
56,90 0
56,91 1
56,92 2
56,93 1
56,94 2
56,95 1
56,96 2
56,97 2
56,98 0
56,99 2
57,0 0
57,1 1
57,2 2
57,3 1
57,4 0
57,5 0
57,6 0
57,7 2
57,8 0
57,9 1
57,10 0
57,11 1
57,12 2
57,13 0
57,14 1
57,15 2
57,16 2
57,17 0
57,18 2
57,19 2
57,20 2
57,21 2
57,22 1
57,23 1
57,24 2
57,25 0
57,26 1
57,27 0
57,28 0
57,29 2
57,30 2
57,31 2
57,32 2
57,33 1
57,34 0
57,35 0
57,36 0
57,37 2
57,38 2
57,39 1
57,40 1
57,41 1
57,42 2
57,43 0
57,44 2
57,45 2
57,46 0
57,47 2
57,48 0
57,49 2
57,50 2
57,51 0
57,52 0
57,53 0
57,54 0
57,55 0
57,56 2
57,57 1
57,58 1
57,59 2
57,60 1
57,61 1
57,62 2
57,63 0
57,64 0
57,65 0
57,66 2
57,67 0
57,68 1
57,69 2
57,70 1
57,71 2
57,72 1
57,73 1
57,74 0
57,75 2
57,76 0
57,77 1
57,78 2
57,79 1
57,80 0
57,81 0
57,82 2
57,83 0
57,84 1
57,85 1
57,86 1
57,87 0
57,88 0
57,89 2
57,90 1
57,91 0
57,92 0
57,93 1
57,94 2
57,95 2
57,96 0
57,97 2
57,98 2
57,99 2
58,0 2
58,1 1
58,2 1
58,3 0
58,4 1
58,5 2
58,6 1
58,7 1
58,8 0
58,9 0
58,10 0
58,11 0
58,12 2
58,13 1
58,14 1
58,15 0
58,16 1
58,17 2
58,18 1
58,19 2
58,20 1
58,21 0
58,22 2
58,23 0
58,24 0
58,25 0
58,26 0
58,27 2
58,28 2
58,29 1
58,30 2
58,31 2
58,32 1
58,33 0
58,34 1
58,35 2
58,36 2
58,37 0
58,38 1
58,39 1
58,40 2
58,41 0
58,42 2
58,43 1
58,44 0
58,45 1
58,46 2
58,47 0
58,48 0
58,49 2
58,50 2
58,51 0
58,52 1
58,53 0
58,54 1
58,55 1
58,56 2
58,57 0
58,58 2
58,59 1
58,60 0
58,61 0
58,62 2
58,63 0
58,64 2
58,65 0
58,66 0
58,67 1
58,68 1
58,69 1
58,70 0
58,71 0
58,72 0
58,73 1
58,74 0
58,75 2
58,76 0
58,77 0
58,78 0
58,79 0
58,80 0
58,81 2
58,82 2
58,83 2
58,84 2
58,85 2
58,86 2
58,87 2
58,88 0
58,89 2
58,90 2
58,91 2
58,92 1
58,93 2
58,94 1
58,95 1
58,96 2
58,97 0
58,98 2
58,99 2
59,0 1
59,1 2
59,2 2
59,3 1
59,4 1
59,5 1
59,6 0
59,7 0
59,8 2
59,9 0
59,10 1
59,11 0
59,12 0
59,13 2
59,14 0
59,15 0
59,16 1
59,17 2
59,18 1
59,19 2
59,20 1
59,21 1
59,22 1
59,23 1
59,24 0
59,25 1
59,26 2
59,27 1
59,28 1
59,29 2
59,30 1
59,31 1
59,32 2
59,33 1
59,34 2
59,35 1
59,36 1
59,37 1
59,38 1
59,39 1
59,40 2
59,41 0
59,42 2
59,43 0
59,44 0
59,45 1
59,46 0
59,47 2
59,48 0
59,49 1
59,50 1
59,51 0
59,52 2
59,53 2
59,54 0
59,55 2
59,56 1
59,57 1
59,58 1
59,59 0
59,60 2
59,61 0
59,62 1
59,63 0
59,64 0
59,65 1
59,66 0
59,67 1
59,68 2
59,69 2
59,70 2
59,71 2
59,72 2
59,73 0
59,74 1
59,75 1
59,76 2
59,77 0
59,78 2
59,79 1
59,80 2
59,81 2
59,82 2
59,83 1
59,84 2
59,85 0
59,86 0
59,87 2
59,88 2
59,89 1
59,90 1
59,91 2
59,92 0
59,93 2
59,94 1
59,95 2
59,96 0
59,97 0
59,98 1
59,99 0
60,0 1
60,1 2
60,2 2
60,3 1
60,4 0
60,5 2
60,6 0
60,7 1
60,8 2
60,9 1
60,10 0
60,11 0
60,12 0
60,13 1
60,14 0
60,15 0
60,16 0
60,17 2
60,18 1
60,19 0
60,20 1
60,21 1
60,22 0
60,23 1
60,24 1
60,25 1
60,26 2
60,27 0
60,28 1
60,29 1
60,30 2
60,31 2
60,32 0
60,33 1
60,34 1
60,35 1
60,36 2
60,37 0
60,38 0
60,39 1
60,40 1
60,41 1
60,42 2
60,43 1
60,44 1
60,45 0
60,46 0
60,47 1
60,48 0
60,49 2
60,50 0
60,51 0
60,52 0
60,53 1
60,54 0
60,55 1
60,56 0
60,57 0
60,58 1
60,59 1
60,60 2
60,61 1
60,62 0
60,63 1
60,64 2
60,65 1
60,66 0
60,67 2
60,68 1
60,69 0
60,70 1
60,71 2
60,72 0
60,73 0
60,74 0
60,75 2
60,76 1
60,77 1
60,78 1
60,79 2
60,80 1
60,81 1
60,82 1
60,83 2
60,84 2
60,85 1
60,86 2
60,87 0
60,88 0
60,89 2
60,90 1
60,91 1
60,92 2
60,93 1
60,94 2
60,95 0
60,96 0
60,97 1
60,98 1
60,99 2
61,0 0
61,1 1
61,2 0
61,3 1
61,4 1
61,5 0
61,6 1
61,7 1
61,8 1
61,9 0
61,10 2
61,11 0
61,12 1
61,13 2
61,14 0
61,15 1
61,16 2
61,17 2
61,18 0
61,19 0
61,20 2
61,21 0
61,22 0
61,23 0
61,24 2
61,25 0
61,26 2
61,27 2
61,28 2
61,29 0
61,30 2
61,31 1
61,32 1
61,33 2
61,34 1
61,35 2
61,36 0
61,37 0
61,38 1
61,39 1
61,40 1
61,41 2
61,42 0
61,43 1
61,44 1
61,45 2
61,46 0
61,47 1
61,48 0
61,49 1
61,50 2
61,51 0
61,52 1
61,53 1
61,54 0
61,55 1
61,56 0
61,57 1
61,58 2
61,59 1
61,60 1
61,61 0
61,62 0
61,63 0
61,64 1
61,65 1
61,66 2
61,67 2
61,68 2
61,69 2
61,70 0
61,71 2
61,72 2
61,73 0
61,74 1
61,75 0
61,76 0
61,77 2
61,78 2
61,79 2
61,80 1
61,81 0
61,82 2
61,83 2
61,84 1
61,85 1
61,86 1
61,87 0
61,88 2
61,89 2
61,90 1
61,91 1
61,92 2
61,93 0
61,94 0
61,95 2
61,96 1
61,97 1
61,98 2
61,99 2
62,0 1
62,1 0
62,2 2
62,3 1
62,4 1
62,5 1
62,6 2
62,7 1
62,8 2
62,9 2
62,10 1
62,11 1
62,12 0
62,13 0
62,14 1
62,15 2
62,16 0
62,17 0
62,18 1
62,19 2
62,20 2
62,21 2
62,22 2
62,23 2
62,24 1
62,25 0
62,26 1
62,27 1
62,28 2
62,29 1
62,30 0
62,31 2
62,32 1
62,33 2
62,34 0
62,35 1
62,36 0
62,37 0
62,38 0
62,39 0
62,40 1
62,41 2
62,42 2
62,43 2
62,44 2
62,45 1
62,46 1
62,47 2
62,48 2
62,49 0
62,50 1
62,51 0
62,52 2
62,53 0
62,54 2
62,55 0
62,56 1
62,57 2
62,58 2
62,59 0
62,60 0
62,61 0
62,62 1
62,63 2
62,64 2
62,65 1
62,66 1
62,67 1
62,68 1
62,69 0
62,70 2
62,71 0
62,72 1
62,73 1
62,74 2
62,75 2
62,76 2
62,77 2
62,78 1
62,79 1
62,80 2
62,81 2
62,82 2
62,83 2
62,84 1
62,85 0
62,86 1
62,87 0
62,88 1
62,89 2
62,90 2
62,91 1
62,92 0
62,93 1
62,94 2
62,95 0
62,96 0
62,97 0
62,98 0
62,99 0
63,0 0
63,1 1
63,2 0
63,3 1
63,4 2
63,5 2
63,6 1
63,7 1
63,8 2
63,9 2
63,10 0
63,11 1
63,12 0
63,13 1
63,14 1
63,15 1
63,16 1
63,17 2
63,18 2
63,19 2
63,20 0
63,21 0
63,22 0
63,23 2
63,24 0
63,25 1
63,26 1
63,27 0
63,28 2
63,29 0
63,30 1
63,31 2
63,32 2
63,33 2
63,34 0
63,35 0
63,36 1
63,37 2
63,38 0
63,39 1
63,40 1
63,41 0
63,42 0
63,43 2
63,44 2
63,45 1
63,46 0
63,47 1
63,48 2
63,49 1
63,50 0
63,51 0
63,52 2
63,53 2
63,54 0
63,55 0
63,56 2
63,57 1
63,58 2
63,59 0
63,60 1
63,61 2
63,62 2
63,63 1
63,64 1
63,65 1
63,66 0
63,67 0
63,68 1
63,69 2
63,70 2
63,71 0
63,72 2
63,73 0
63,74 1
63,75 1
63,76 1
63,77 2
63,78 2
63,79 2
63,80 0
63,81 2
63,82 0
63,83 2
63,84 2
63,85 2
63,86 2
63,87 1
63,88 2
63,89 2
63,90 2
63,91 0
63,92 0
63,93 1
63,94 1
63,95 1
63,96 0
63,97 0
63,98 1
63,99 0
64,0 2
64,1 2
64,2 2
64,3 2
64,4 1
64,5 1
64,6 1
64,7 1
64,8 1
64,9 2
64,10 1
64,11 2
64,12 1
64,13 0
64,14 1
64,15 0
64,16 2
64,17 0
64,18 1
64,19 0
64,20 2
64,21 2
64,22 0
64,23 1
64,24 0
64,25 0
64,26 1
64,27 0
64,28 1
64,29 0
64,30 1
64,31 2
64,32 1
64,33 1
64,34 1
64,35 0
64,36 0
64,37 0
64,38 0
64,39 0
64,40 2
64,41 1
64,42 1
64,43 2
64,44 1
64,45 2
64,46 2
64,47 1
64,48 2
64,49 2
64,50 0
64,51 1
64,52 1
64,53 1
64,54 0
64,55 2
64,56 0
64,57 1
64,58 0
64,59 0
64,60 2
64,61 0
64,62 0
64,63 2
64,64 2
64,65 2
64,66 1
64,67 0
64,68 2
64,69 2
64,70 2
64,71 0
64,72 1
64,73 1
64,74 0
64,75 2
64,76 1
64,77 1
64,78 2
64,79 1
64,80 1
64,81 0
64,82 0
64,83 1
64,84 2
64,85 0
64,86 1
64,87 1
64,88 2
64,89 1
64,90 0
64,91 2
64,92 1
64,93 2
64,94 1
64,95 0
64,96 2
64,97 2
64,98 1
64,99 0
65,0 1
65,1 2
65,2 1
65,3 2
65,4 2
65,5 2
65,6 0
65,7 2
65,8 0
65,9 0
65,10 0
65,11 1
65,12 0
65,13 2
65,14 1
65,15 2
65,16 0
65,17 2
65,18 1
65,19 0
65,20 1
65,21 0
65,22 0
65,23 0
65,24 1
65,25 1
65,26 1
65,27 1
65,28 1
65,29 2
65,30 0
65,31 1
65,32 1
65,33 0
65,34 2
65,35 0
65,36 0
65,37 0
65,38 2
65,39 0
65,40 2
65,41 1
65,42 1
65,43 0
65,44 0
65,45 1
65,46 0
65,47 0
65,48 0
65,49 2
65,50 0
65,51 1
65,52 0
65,53 0
65,54 1
65,55 0
65,56 2
65,57 2
65,58 2
65,59 0
65,60 1
65,61 2
65,62 0
65,63 0
65,64 0
65,65 0
65,66 2
65,67 0
65,68 2
65,69 0
65,70 0
65,71 2
65,72 0
65,73 1
65,74 1
65,75 0
65,76 0
65,77 0
65,78 1
65,79 2
65,80 2
65,81 2
65,82 0
65,83 2
65,84 0
65,85 0
65,86 0
65,87 1
65,88 0
65,89 1
65,90 1
65,91 2
65,92 1
65,93 0
65,94 0
65,95 0
65,96 1
65,97 2
65,98 2
65,99 0
66,0 0
66,1 1
66,2 1
66,3 2
66,4 1
66,5 0
66,6 1
66,7 0
66,8 2
66,9 2
66,10 1
66,11 1
66,12 2
66,13 0
66,14 0
66,15 0
66,16 1
66,17 0
66,18 2
66,19 0
66,20 1
66,21 2
66,22 0
66,23 2
66,24 0
66,25 1
66,26 0
66,27 0
66,28 0
66,29 0
66,30 2
66,31 1
66,32 0
66,33 2
66,34 2
66,35 2
66,36 0
66,37 0
66,38 1
66,39 2
66,40 2
66,41 2
66,42 1
66,43 0
66,44 0
66,45 1
66,46 2
66,47 0
66,48 0
66,49 2
66,50 0
66,51 1
66,52 0
66,53 0
66,54 2
66,55 0
66,56 0
66,57 0
66,58 1
66,59 2
66,60 2
66,61 2
66,62 1
66,63 0
66,64 0
66,65 0
66,66 1
66,67 2
66,68 0
66,69 2
66,70 0
66,71 2
66,72 1
66,73 0
66,74 1
66,75 0
66,76 2
66,77 1
66,78 1
66,79 0
66,80 1
66,81 0
66,82 2
66,83 0
66,84 1
66,85 0
66,86 0
66,87 2
66,88 2
66,89 1
66,90 0
66,91 1
66,92 0
66,93 0
66,94 1
66,95 0
66,96 1
66,97 2
66,98 2
66,99 2
67,0 0
67,1 0
67,2 1
67,3 0
67,4 2
67,5 2
67,6 0
67,7 0
67,8 1
67,9 2
67,10 2
67,11 2
67,12 1
67,13 2
67,14 1
67,15 2
67,16 2
67,17 1
67,18 1
67,19 0
67,20 2
67,21 2
67,22 0
67,23 0
67,24 1
67,25 2
67,26 0
67,27 0
67,28 1
67,29 2
67,30 1
67,31 0
67,32 0
67,33 1
67,34 0
67,35 2
67,36 2
67,37 1
67,38 1
67,39 0
67,40 0
67,41 1
67,42 1
67,43 2
67,44 2
67,45 2
67,46 1
67,47 0
67,48 2
67,49 0
67,50 0
67,51 2
67,52 2
67,53 1
67,54 1
67,55 2
67,56 2
67,57 2
67,58 1
67,59 1
67,60 0
67,61 0
67,62 2
67,63 2
67,64 1
67,65 2
67,66 1
67,67 2
67,68 1
67,69 0
67,70 1
67,71 0
67,72 2
67,73 1
67,74 2
67,75 0
67,76 2
67,77 0
67,78 2
67,79 0
67,80 1
67,81 2
67,82 0
67,83 2
67,84 2
67,85 2
67,86 1
67,87 1
67,88 0
67,89 0
67,90 0
67,91 0
67,92 1
67,93 0
67,94 0
67,95 2
67,96 2
67,97 0
67,98 2
67,99 0
68,0 2
68,1 1
68,2 1
68,3 2
68,4 1
68,5 2
68,6 2
68,7 2
68,8 2
68,9 2
68,10 1
68,11 1
68,12 1
68,13 1
68,14 1
68,15 2
68,16 2
68,17 1
68,18 2
68,19 0
68,20 0
68,21 0
68,22 0
68,23 1
68,24 0
68,25 2
68,26 0
68,27 2
68,28 1
68,29 2
68,30 1
68,31 0
68,32 2
68,33 1
68,34 0
68,35 2
68,36 0
68,37 2
68,38 1
68,39 0
68,40 2
68,41 1
68,42 0
68,43 1
68,44 2
68,45 0
68,46 1
68,47 2
68,48 0
68,49 1
68,50 2
68,51 0
68,52 2
68,53 0
68,54 0
68,55 0
68,56 2
68,57 0
68,58 1
68,59 0
68,60 2
68,61 0
68,62 2
68,63 0
68,64 1
68,65 2
68,66 0
68,67 2
68,68 1
68,69 2
68,70 0
68,71 0
68,72 1
68,73 0
68,74 0
68,75 1
68,76 0
68,77 0
68,78 0
68,79 0
68,80 1
68,81 2
68,82 2
68,83 2
68,84 2
68,85 0
68,86 2
68,87 0
68,88 1
68,89 0
68,90 1
68,91 2
68,92 2
68,93 2
68,94 0
68,95 1
68,96 2
68,97 1
68,98 2
68,99 0
69,0 1
69,1 2
69,2 0
69,3 0
69,4 2
69,5 2
69,6 0
69,7 1
69,8 1
69,9 1
69,10 2
69,11 1
69,12 1
69,13 2
69,14 0
69,15 1
69,16 2
69,17 0
69,18 1
69,19 1
69,20 1
69,21 0
69,22 2
69,23 2
69,24 1
69,25 1
69,26 2
69,27 2
69,28 0
69,29 1
69,30 1
69,31 2
69,32 1
69,33 1
69,34 2
69,35 2
69,36 0
69,37 2
69,38 0
69,39 0
69,40 2
69,41 2
69,42 1
69,43 1
69,44 0
69,45 2
69,46 2
69,47 0
69,48 0
69,49 2
69,50 0
69,51 0
69,52 2
69,53 1
69,54 0
69,55 1
69,56 1
69,57 0
69,58 2
69,59 0
69,60 2
69,61 2
69,62 1
69,63 1
69,64 2
69,65 1
69,66 2
69,67 1
69,68 0
69,69 1
69,70 2
69,71 0
69,72 0
69,73 1
69,74 2
69,75 1
69,76 2
69,77 2
69,78 2
69,79 1
69,80 1
69,81 0
69,82 2
69,83 2
69,84 0
69,85 2
69,86 0
69,87 2
69,88 2
69,89 2
69,90 1
69,91 0
69,92 0
69,93 0
69,94 1
69,95 0
69,96 1
69,97 1
69,98 1
69,99 0
70,0 1
70,1 1
70,2 2
70,3 2
70,4 0
70,5 1
70,6 0
70,7 2
70,8 0
70,9 1
70,10 1
70,11 2
70,12 2
70,13 2
70,14 2
70,15 0
70,16 1
70,17 1
70,18 2
70,19 0
70,20 2
70,21 1
70,22 1
70,23 0
70,24 2
70,25 1
70,26 0
70,27 0
70,28 0
70,29 1
70,30 1
70,31 2
70,32 1
70,33 1
70,34 0
70,35 2
70,36 1
70,37 2
70,38 0
70,39 1
70,40 2
70,41 1
70,42 2
70,43 0
70,44 2
70,45 0
70,46 2
70,47 2
70,48 2
70,49 1
70,50 2
70,51 1
70,52 2
70,53 1
70,54 0
70,55 1
70,56 2
70,57 1
70,58 0
70,59 0
70,60 0
70,61 1
70,62 1
70,63 1
70,64 0
70,65 2
70,66 2
70,67 0
70,68 2
70,69 1
70,70 0
70,71 0
70,72 1
70,73 1
70,74 0
70,75 2
70,76 0
70,77 1
70,78 1
70,79 2
70,80 2
70,81 0
70,82 0
70,83 0
70,84 1
70,85 0
70,86 1
70,87 0
70,88 2
70,89 1
70,90 1
70,91 0
70,92 1
70,93 1
70,94 2
70,95 0
70,96 0
70,97 2
70,98 0
70,99 2
71,0 1
71,1 1
71,2 2
71,3 2
71,4 2
71,5 2
71,6 2
71,7 0
71,8 2
71,9 1
71,10 1
71,11 0
71,12 1
71,13 2
71,14 1
71,15 0
71,16 2
71,17 1
71,18 2
71,19 0
71,20 0
71,21 1
71,22 1
71,23 1
71,24 0
71,25 0
71,26 1
71,27 0
71,28 1
71,29 0
71,30 1
71,31 0
71,32 2
71,33 1
71,34 0
71,35 1
71,36 2
71,37 1
71,38 1
71,39 1
71,40 0
71,41 1
71,42 0
71,43 1
71,44 1
71,45 1
71,46 0
71,47 0
71,48 1
71,49 0
71,50 2
71,51 1
71,52 0
71,53 0
71,54 2
71,55 1
71,56 1
71,57 0
71,58 0
71,59 0
71,60 0
71,61 2
71,62 0
71,63 1
71,64 2
71,65 0
71,66 2
71,67 1
71,68 2
71,69 2
71,70 0
71,71 1
71,72 1
71,73 2
71,74 0
71,75 0
71,76 2
71,77 2
71,78 2
71,79 1
71,80 0
71,81 2
71,82 1
71,83 1
71,84 2
71,85 2
71,86 0
71,87 0
71,88 2
71,89 0
71,90 2
71,91 0
71,92 1
71,93 1
71,94 0
71,95 1
71,96 1
71,97 2
71,98 0
71,99 0
72,0 0
72,1 1
72,2 0
72,3 2
72,4 1
72,5 2
72,6 2
72,7 0
72,8 2
72,9 0
72,10 0
72,11 2
72,12 0
72,13 1
72,14 2
72,15 2
72,16 0
72,17 0
72,18 0
72,19 1
72,20 1
72,21 1
72,22 1
72,23 0
72,24 2
72,25 2
72,26 0
72,27 0
72,28 1
72,29 2
72,30 2
72,31 2
72,32 0
72,33 2
72,34 1
72,35 2
72,36 2
72,37 0
72,38 1
72,39 0
72,40 0
72,41 1
72,42 1
72,43 2
72,44 1
72,45 0
72,46 0
72,47 1
72,48 1
72,49 1
72,50 1
72,51 1
72,52 2
72,53 2
72,54 1
72,55 0
72,56 2
72,57 2
72,58 1
72,59 1
72,60 2
72,61 1
72,62 2
72,63 0
72,64 2
72,65 0
72,66 0
72,67 1
72,68 2
72,69 0
72,70 1
72,71 0
72,72 2
72,73 2
72,74 1
72,75 1
72,76 1
72,77 2
72,78 0
72,79 0
72,80 1
72,81 0
72,82 1
72,83 2
72,84 1
72,85 2
72,86 1
72,87 2
72,88 2
72,89 0
72,90 1
72,91 0
72,92 0
72,93 2
72,94 1
72,95 1
72,96 2
72,97 0
72,98 1
72,99 0
73,0 1
73,1 2
73,2 1
73,3 1
73,4 1
73,5 1
73,6 2
73,7 1
73,8 0
73,9 1
73,10 1
73,11 1
73,12 1
73,13 2
73,14 0
73,15 2
73,16 0
73,17 0
73,18 2
73,19 0
73,20 1
73,21 1
73,22 2
73,23 1
73,24 2
73,25 1
73,26 1
73,27 2
73,28 0
73,29 2
73,30 0
73,31 0
73,32 0
73,33 0
73,34 2
73,35 0
73,36 0
73,37 2
73,38 2
73,39 0
73,40 1
73,41 2
73,42 0
73,43 1
73,44 1
73,45 1
73,46 1
73,47 0
73,48 1
73,49 2
73,50 0
73,51 0
73,52 1
73,53 0
73,54 1
73,55 1
73,56 1
73,57 2
73,58 0
73,59 2
73,60 0
73,61 2
73,62 2
73,63 2
73,64 0
73,65 0
73,66 1
73,67 2
73,68 1
73,69 1
73,70 0
73,71 0
73,72 1
73,73 0
73,74 1
73,75 2
73,76 1
73,77 0
73,78 0
73,79 0
73,80 2
73,81 0
73,82 0
73,83 0
73,84 2
73,85 0
73,86 0
73,87 2
73,88 2
73,89 1
73,90 2
73,91 1
73,92 0
73,93 2
73,94 2
73,95 0
73,96 1
73,97 1
73,98 0
73,99 2
74,0 2
74,1 1
74,2 2
74,3 2
74,4 0
74,5 0
74,6 0
74,7 0
74,8 0
74,9 2
74,10 0
74,11 2
74,12 2
74,13 1
74,14 0
74,15 1
74,16 1
74,17 2
74,18 1
74,19 1
74,20 2
74,21 1
74,22 1
74,23 1
74,24 1
74,25 2
74,26 2
74,27 2
74,28 0
74,29 0
74,30 1
74,31 0
74,32 2
74,33 1
74,34 0
74,35 0
74,36 2
74,37 2
74,38 2
74,39 2
74,40 1
74,41 2
74,42 1
74,43 2
74,44 2
74,45 2
74,46 1
74,47 0
74,48 2
74,49 1
74,50 1
74,51 1
74,52 1
74,53 1
74,54 1
74,55 0
74,56 0
74,57 1
74,58 0
74,59 2
74,60 0
74,61 2
74,62 2
74,63 1
74,64 1
74,65 1
74,66 2
74,67 2
74,68 1
74,69 0
74,70 2
74,71 2
74,72 1
74,73 2
74,74 0
74,75 0
74,76 0
74,77 0
74,78 2
74,79 0
74,80 2
74,81 1
74,82 0
74,83 1
74,84 1
74,85 0
74,86 1
74,87 0
74,88 2
74,89 2
74,90 2
74,91 1
74,92 1
74,93 0
74,94 0
74,95 1
74,96 2
74,97 0
74,98 0
74,99 1
75,0 2
75,1 1
75,2 0
75,3 1
75,4 0
75,5 2
75,6 0
75,7 1
75,8 1
75,9 1
75,10 1
75,11 2
75,12 1
75,13 2
75,14 0
75,15 0
75,16 1
75,17 2
75,18 2
75,19 0
75,20 1
75,21 0
75,22 1
75,23 0
75,24 2
75,25 2
75,26 1
75,27 1
75,28 2
75,29 1
75,30 0
75,31 2
75,32 1
75,33 1
75,34 2
75,35 1
75,36 0
75,37 0
75,38 1
75,39 2
75,40 1
75,41 2
75,42 2
75,43 2
75,44 1
75,45 0
75,46 0
75,47 2
75,48 0
75,49 2
75,50 2
75,51 0
75,52 0
75,53 1
75,54 2
75,55 2
75,56 0
75,57 0
75,58 0
75,59 0
75,60 0
75,61 2
75,62 2
75,63 0
75,64 2
75,65 1
75,66 1
75,67 1
75,68 0
75,69 2
75,70 0
75,71 1
75,72 0
75,73 1
75,74 1
75,75 1
75,76 1
75,77 1
75,78 1
75,79 2
75,80 0
75,81 1
75,82 0
75,83 1
75,84 0
75,85 2
75,86 1
75,87 2
75,88 2
75,89 2
75,90 0
75,91 1
75,92 2
75,93 0
75,94 1
75,95 2
75,96 2
75,97 1
75,98 0
75,99 1
76,0 0
76,1 1
76,2 0
76,3 0
76,4 0
76,5 2
76,6 1
76,7 1
76,8 1
76,9 2
76,10 2
76,11 1
76,12 0
76,13 0
76,14 0
76,15 1
76,16 2
76,17 0
76,18 1
76,19 0
76,20 1
76,21 1
76,22 1
76,23 1
76,24 1
76,25 0
76,26 1
76,27 0
76,28 1
76,29 2
76,30 1
76,31 0
76,32 0
76,33 0
76,34 2
76,35 2
76,36 1
76,37 2
76,38 0
76,39 1
76,40 2
76,41 1
76,42 2
76,43 1
76,44 1
76,45 1
76,46 0
76,47 0
76,48 1
76,49 2
76,50 0
76,51 0
76,52 1
76,53 1
76,54 1
76,55 1
76,56 0
76,57 2
76,58 2
76,59 2
76,60 1
76,61 0
76,62 2
76,63 1
76,64 0
76,65 0
76,66 0
76,67 2
76,68 2
76,69 0
76,70 1
76,71 0
76,72 0
76,73 0
76,74 0
76,75 0
76,76 1
76,77 1
76,78 0
76,79 2
76,80 0
76,81 0
76,82 0
76,83 0
76,84 1
76,85 1
76,86 2
76,87 0
76,88 2
76,89 1
76,90 1
76,91 0
76,92 0
76,93 0
76,94 2
76,95 0
76,96 1
76,97 2
76,98 2
76,99 0
77,0 0
77,1 0
77,2 1
77,3 2
77,4 0
77,5 2
77,6 1
77,7 2
77,8 1
77,9 1
77,10 2
77,11 1
77,12 1
77,13 2
77,14 0
77,15 1
77,16 2
77,17 0
77,18 1
77,19 2
77,20 1
77,21 1
77,22 2
77,23 2
77,24 2
77,25 2
77,26 0
77,27 0
77,28 0
77,29 0
77,30 2
77,31 2
77,32 2
77,33 1
77,34 2
77,35 0
77,36 2
77,37 2
77,38 0
77,39 2
77,40 2
77,41 0
77,42 2
77,43 0
77,44 1
77,45 0
77,46 2
77,47 1
77,48 2
77,49 1
77,50 1
77,51 0
77,52 0
77,53 1
77,54 0
77,55 1
77,56 1
77,57 1
77,58 1
77,59 1
77,60 2
77,61 1
77,62 1
77,63 0
77,64 2
77,65 2
77,66 2
77,67 1
77,68 0
77,69 0
77,70 1
77,71 1
77,72 0
77,73 2
77,74 1
77,75 2
77,76 0
77,77 0
77,78 1
77,79 2
77,80 0
77,81 2
77,82 1
77,83 1
77,84 1
77,85 2
77,86 2
77,87 2
77,88 0
77,89 1
77,90 1
77,91 2
77,92 0
77,93 2
77,94 2
77,95 1
77,96 1
77,97 0
77,98 2
77,99 1
78,0 2
78,1 0
78,2 2
78,3 2
78,4 2
78,5 2
78,6 1
78,7 0
78,8 2
78,9 0
78,10 1
78,11 1
78,12 2
78,13 0
78,14 1
78,15 2
78,16 2
78,17 2
78,18 2
78,19 0
78,20 0
78,21 1
78,22 1
78,23 2
78,24 2
78,25 1
78,26 1
78,27 2
78,28 1
78,29 2
78,30 2
78,31 0
78,32 1
78,33 1
78,34 2
78,35 2
78,36 1
78,37 2
78,38 2
78,39 1
78,40 1
78,41 1
78,42 2
78,43 2
78,44 0
78,45 0
78,46 0
78,47 1
78,48 2
78,49 1
78,50 2
78,51 1
78,52 0
78,53 0
78,54 2
78,55 1
78,56 1
78,57 2
78,58 1
78,59 1
78,60 1
78,61 1
78,62 2
78,63 2
78,64 2
78,65 1
78,66 1
78,67 1
78,68 2
78,69 2
78,70 1
78,71 2
78,72 2
78,73 2
78,74 1
78,75 0
78,76 1
78,77 2
78,78 1
78,79 2
78,80 0
78,81 1
78,82 0
78,83 1
78,84 0
78,85 1
78,86 0
78,87 0
78,88 2
78,89 0
78,90 0
78,91 0
78,92 0
78,93 0
78,94 0
78,95 2
78,96 1
78,97 1
78,98 1
78,99 0
79,0 2
79,1 1
79,2 2
79,3 0
79,4 2
79,5 1
79,6 1
79,7 1
79,8 1
79,9 2
79,10 1
79,11 0
79,12 2
79,13 2
79,14 1
79,15 0
79,16 0
79,17 2
79,18 0
79,19 0
79,20 1
79,21 0
79,22 2
79,23 2
79,24 1
79,25 1
79,26 2
79,27 0
79,28 1
79,29 0
79,30 1
79,31 1
79,32 2
79,33 1
79,34 1
79,35 1
79,36 1
79,37 2
79,38 2
79,39 0
79,40 0
79,41 1
79,42 0
79,43 2
79,44 1
79,45 1
79,46 2
79,47 1
79,48 0
79,49 2
79,50 1
79,51 2
79,52 0
79,53 2
79,54 1
79,55 1
79,56 1
79,57 2
79,58 1
79,59 1
79,60 0
79,61 2
79,62 0
79,63 0
79,64 2
79,65 0
79,66 0
79,67 0
79,68 0
79,69 0
79,70 2
79,71 1
79,72 1
79,73 1
79,74 0
79,75 1
79,76 0
79,77 0
79,78 2
79,79 1
79,80 2
79,81 2
79,82 0
79,83 0
79,84 1
79,85 0
79,86 0
79,87 0
79,88 1
79,89 2
79,90 1
79,91 2
79,92 0
79,93 1
79,94 1
79,95 2
79,96 1
79,97 2
79,98 2
79,99 0
80,0 0
80,1 0
80,2 1
80,3 0
80,4 1
80,5 2
80,6 2
80,7 0
80,8 2
80,9 0
80,10 2
80,11 1
80,12 2
80,13 0
80,14 0
80,15 2
80,16 0
80,17 0
80,18 1
80,19 2
80,20 2
80,21 2
80,22 1
80,23 0
80,24 2
80,25 1
80,26 1
80,27 1
80,28 2
80,29 1
80,30 0
80,31 1
80,32 0
80,33 2
80,34 2
80,35 2
80,36 0
80,37 2
80,38 1
80,39 2
80,40 1
80,41 2
80,42 0
80,43 1
80,44 1
80,45 2
80,46 1
80,47 1
80,48 2
80,49 0
80,50 2
80,51 0
80,52 2
80,53 0
80,54 1
80,55 1
80,56 0
80,57 0
80,58 1
80,59 1
80,60 0
80,61 1
80,62 0
80,63 1
80,64 0
80,65 0
80,66 1
80,67 2
80,68 0
80,69 0
80,70 1
80,71 2
80,72 2
80,73 0
80,74 2
80,75 0
80,76 1
80,77 0
80,78 2
80,79 0
80,80 0
80,81 2
80,82 0
80,83 1
80,84 2
80,85 2
80,86 0
80,87 1
80,88 0
80,89 1
80,90 1
80,91 2
80,92 1
80,93 2
80,94 0
80,95 1
80,96 1
80,97 0
80,98 0
80,99 2
81,0 0
81,1 2
81,2 1
81,3 2
81,4 1
81,5 1
81,6 2
81,7 1
81,8 0
81,9 2
81,10 2
81,11 2
81,12 1
81,13 1
81,14 1
81,15 1
81,16 0
81,17 2
81,18 0
81,19 1
81,20 0
81,21 1
81,22 2
81,23 0
81,24 1
81,25 1
81,26 2
81,27 1
81,28 0
81,29 1
81,30 0
81,31 2
81,32 0
81,33 2
81,34 0
81,35 0
81,36 2
81,37 2
81,38 2
81,39 1
81,40 2
81,41 1
81,42 2
81,43 2
81,44 0
81,45 1
81,46 0
81,47 2
81,48 2
81,49 2
81,50 0
81,51 2
81,52 1
81,53 2
81,54 1
81,55 1
81,56 2
81,57 2
81,58 2
81,59 2
81,60 1
81,61 2
81,62 0
81,63 1
81,64 1
81,65 2
81,66 0
81,67 0
81,68 0
81,69 2
81,70 2
81,71 1
81,72 2
81,73 2
81,74 2
81,75 2
81,76 1
81,77 0
81,78 0
81,79 1
81,80 1
81,81 0
81,82 2
81,83 0
81,84 1
81,85 1
81,86 0
81,87 1
81,88 0
81,89 1
81,90 0
81,91 1
81,92 2
81,93 0
81,94 1
81,95 2
81,96 1
81,97 1
81,98 1
81,99 1
82,0 0
82,1 2
82,2 0
82,3 0
82,4 0
82,5 1
82,6 0
82,7 1
82,8 2
82,9 2
82,10 2
82,11 0
82,12 1
82,13 2
82,14 1
82,15 1
82,16 0
82,17 0
82,18 0
82,19 2
82,20 2
82,21 2
82,22 2
82,23 0
82,24 1
82,25 2
82,26 2
82,27 1
82,28 0
82,29 0
82,30 1
82,31 1
82,32 0
82,33 2
82,34 1
82,35 0
82,36 0
82,37 2
82,38 2
82,39 0
82,40 0
82,41 1
82,42 0
82,43 0
82,44 2
82,45 2
82,46 1
82,47 0
82,48 2
82,49 0
82,50 2
82,51 2
82,52 1
82,53 1
82,54 2
82,55 1
82,56 0
82,57 2
82,58 2
82,59 0
82,60 0
82,61 2
82,62 2
82,63 2
82,64 1
82,65 0
82,66 0
82,67 2
82,68 1
82,69 0
82,70 0
82,71 0
82,72 1
82,73 2
82,74 1
82,75 2
82,76 0
82,77 2
82,78 1
82,79 2
82,80 2
82,81 2
82,82 1
82,83 2
82,84 1
82,85 0
82,86 1
82,87 1
82,88 0
82,89 0
82,90 1
82,91 1
82,92 1
82,93 1
82,94 1
82,95 0
82,96 1
82,97 0
82,98 1
82,99 1
83,0 1
83,1 1
83,2 2
83,3 2
83,4 0
83,5 0
83,6 2
83,7 2
83,8 0
83,9 2
83,10 0
83,11 0
83,12 0
83,13 2
83,14 2
83,15 1
83,16 1
83,17 1
83,18 1
83,19 0
83,20 2
83,21 1
83,22 0
83,23 1
83,24 0
83,25 2
83,26 1
83,27 2
83,28 1
83,29 0
83,30 0
83,31 1
83,32 1
83,33 1
83,34 1
83,35 0
83,36 2
83,37 0
83,38 0
83,39 2
83,40 0
83,41 1
83,42 0
83,43 1
83,44 0
83,45 1
83,46 1
83,47 0
83,48 2
83,49 2
83,50 2
83,51 1
83,52 2
83,53 0
83,54 2
83,55 0
83,56 1
83,57 1
83,58 1
83,59 2
83,60 0
83,61 0
83,62 1
83,63 1
83,64 0
83,65 1
83,66 0
83,67 0
83,68 0
83,69 0
83,70 2
83,71 2
83,72 1
83,73 0
83,74 0
83,75 1
83,76 0
83,77 0
83,78 0
83,79 1
83,80 1
83,81 2
83,82 2
83,83 1
83,84 2
83,85 1
83,86 2
83,87 0
83,88 2
83,89 0
83,90 0
83,91 1
83,92 1
83,93 2
83,94 2
83,95 1
83,96 0
83,97 2
83,98 0
83,99 1
84,0 1
84,1 0
84,2 0
84,3 2
84,4 1
84,5 1
84,6 0
84,7 1
84,8 2
84,9 1
84,10 0
84,11 1
84,12 2
84,13 1
84,14 0
84,15 0
84,16 2
84,17 2
84,18 2
84,19 0
84,20 1
84,21 1
84,22 1
84,23 1
84,24 2
84,25 2
84,26 1
84,27 2
84,28 0
84,29 2
84,30 0
84,31 1
84,32 1
84,33 0
84,34 2
84,35 0
84,36 0
84,37 0
84,38 2
84,39 0
84,40 1
84,41 0
84,42 1
84,43 2
84,44 0
84,45 0
84,46 1
84,47 2
84,48 1
84,49 2
84,50 1
84,51 2
84,52 1
84,53 2
84,54 1
84,55 0
84,56 0
84,57 0
84,58 0
84,59 2
84,60 1
84,61 2
84,62 0
84,63 1
84,64 1
84,65 2
84,66 2
84,67 2
84,68 0
84,69 0
84,70 1
84,71 0
84,72 0
84,73 0
84,74 2
84,75 0
84,76 0
84,77 2
84,78 0
84,79 0
84,80 1
84,81 2
84,82 2
84,83 0
84,84 1
84,85 1
84,86 2
84,87 0
84,88 2
84,89 1
84,90 0
84,91 2
84,92 2
84,93 1
84,94 0
84,95 1
84,96 0
84,97 0
84,98 0
84,99 1
85,0 0
85,1 2
85,2 0
85,3 0
85,4 1
85,5 0
85,6 1
85,7 1
85,8 0
85,9 0
85,10 1
85,11 2
85,12 0
85,13 0
85,14 1
85,15 0
85,16 0
85,17 1
85,18 2
85,19 1
85,20 0
85,21 0
85,22 1
85,23 0
85,24 2
85,25 1
85,26 0
85,27 0
85,28 1
85,29 2
85,30 0
85,31 1
85,32 0
85,33 0
85,34 2
85,35 1
85,36 0
85,37 2
85,38 0
85,39 1
85,40 2
85,41 0
85,42 0
85,43 1
85,44 2
85,45 2
85,46 1
85,47 0
85,48 1
85,49 1
85,50 1
85,51 2
85,52 1
85,53 1
85,54 1
85,55 0
85,56 0
85,57 2
85,58 1
85,59 2
85,60 0
85,61 1
85,62 1
85,63 2
85,64 2
85,65 2
85,66 1
85,67 2
85,68 0
85,69 0
85,70 0
85,71 1
85,72 0
85,73 1
85,74 1
85,75 1
85,76 2
85,77 1
85,78 2
85,79 0
85,80 2
85,81 1
85,82 0
85,83 2
85,84 1
85,85 2
85,86 0
85,87 2
85,88 0
85,89 0
85,90 2
85,91 1
85,92 2
85,93 2
85,94 2
85,95 1
85,96 0
85,97 2
85,98 2
85,99 2
86,0 0
86,1 0
86,2 2
86,3 1
86,4 1
86,5 0
86,6 0
86,7 1
86,8 1
86,9 1
86,10 1
86,11 2
86,12 1
86,13 2
86,14 1
86,15 1
86,16 1
86,17 1
86,18 2
86,19 2
86,20 1
86,21 0
86,22 0
86,23 2
86,24 2
86,25 2
86,26 1
86,27 0
86,28 1
86,29 1
86,30 1
86,31 2
86,32 1
86,33 2
86,34 1
86,35 1
86,36 1
86,37 1
86,38 2
86,39 1
86,40 0
86,41 1
86,42 1
86,43 2
86,44 0
86,45 1
86,46 0
86,47 0
86,48 0
86,49 1
86,50 2
86,51 2
86,52 1
86,53 0
86,54 1
86,55 1
86,56 0
86,57 2
86,58 1
86,59 1
86,60 2
86,61 1
86,62 0
86,63 0
86,64 1
86,65 0
86,66 0
86,67 1
86,68 0
86,69 2
86,70 2
86,71 2
86,72 2
86,73 2
86,74 1
86,75 0
86,76 1
86,77 1
86,78 0
86,79 2
86,80 1
86,81 1
86,82 2
86,83 0
86,84 2
86,85 0
86,86 2
86,87 1
86,88 2
86,89 0
86,90 0
86,91 1
86,92 1
86,93 2
86,94 1
86,95 2
86,96 2
86,97 2
86,98 0
86,99 0
87,0 2
87,1 2
87,2 0
87,3 1
87,4 0
87,5 0
87,6 2
87,7 1
87,8 1
87,9 0
87,10 2
87,11 0
87,12 0
87,13 1
87,14 0
87,15 0
87,16 0
87,17 1
87,18 2
87,19 0
87,20 1
87,21 1
87,22 2
87,23 1
87,24 2
87,25 2
87,26 2
87,27 0
87,28 0
87,29 0
87,30 0
87,31 1
87,32 2
87,33 0
87,34 1
87,35 2
87,36 2
87,37 0
87,38 2
87,39 1
87,40 1
87,41 2
87,42 0
87,43 1
87,44 1
87,45 0
87,46 1
87,47 0
87,48 1
87,49 1
87,50 0
87,51 1
87,52 0
87,53 1
87,54 0
87,55 1
87,56 2
87,57 1
87,58 1
87,59 1
87,60 1
87,61 0
87,62 1
87,63 1
87,64 0
87,65 0
87,66 1
87,67 1
87,68 2
87,69 2
87,70 2
87,71 2
87,72 1
87,73 0
87,74 0
87,75 1
87,76 0
87,77 1
87,78 1
87,79 2
87,80 1
87,81 0
87,82 2
87,83 0
87,84 2
87,85 0
87,86 2
87,87 0
87,88 0
87,89 2
87,90 0
87,91 2
87,92 1
87,93 1
87,94 2
87,95 2
87,96 1
87,97 0
87,98 2
87,99 2
88,0 2
88,1 2
88,2 2
88,3 2
88,4 2
88,5 0
88,6 2
88,7 0
88,8 2
88,9 0
88,10 0
88,11 0
88,12 2
88,13 2
88,14 1
88,15 2
88,16 1
88,17 1
88,18 2
88,19 2
88,20 0
88,21 2
88,22 1
88,23 0
88,24 2
88,25 0
88,26 0
88,27 0
88,28 1
88,29 1
88,30 0
88,31 0
88,32 1
88,33 0
88,34 1
88,35 1
88,36 0
88,37 0
88,38 2
88,39 0
88,40 1
88,41 1
88,42 1
88,43 0
88,44 1
88,45 2
88,46 1
88,47 2
88,48 1
88,49 1
88,50 1
88,51 2
88,52 1
88,53 2
88,54 1
88,55 2
88,56 1
88,57 1
88,58 0
88,59 1
88,60 2
88,61 2
88,62 2
88,63 0
88,64 1
88,65 0
88,66 2
88,67 2
88,68 0
88,69 0
88,70 0
88,71 0
88,72 2
88,73 0
88,74 2
88,75 1
88,76 2
88,77 2
88,78 2
88,79 2
88,80 1
88,81 0
88,82 2
88,83 2
88,84 1
88,85 0
88,86 0
88,87 0
88,88 2
88,89 0
88,90 1
88,91 0
88,92 0
88,93 1
88,94 0
88,95 0
88,96 1
88,97 0
88,98 2
88,99 1
89,0 0
89,1 0
89,2 2
89,3 1
89,4 2
89,5 2
89,6 1
89,7 1
89,8 1
89,9 2
89,10 1
89,11 2
89,12 0
89,13 0
89,14 1
89,15 2
89,16 2
89,17 2
89,18 0
89,19 1
89,20 0
89,21 0
89,22 0
89,23 0
89,24 2
89,25 0
89,26 0
89,27 1
89,28 1
89,29 2
89,30 0
89,31 1
89,32 2
89,33 1
89,34 1
89,35 1
89,36 0
89,37 1
89,38 0
89,39 2
89,40 2
89,41 1
89,42 0
89,43 2
89,44 0
89,45 2
89,46 1
89,47 1
89,48 1
89,49 1
89,50 1
89,51 0
89,52 1
89,53 2
89,54 2
89,55 2
89,56 1
89,57 2
89,58 0
89,59 2
89,60 2
89,61 2
89,62 1
89,63 1
89,64 2
89,65 1
89,66 1
89,67 0
89,68 2
89,69 2
89,70 2
89,71 0
89,72 0
89,73 2
89,74 2
89,75 2
89,76 2
89,77 1
89,78 1
89,79 0
89,80 1
89,81 1
89,82 1
89,83 0
89,84 1
89,85 0
89,86 2
89,87 2
89,88 0
89,89 0
89,90 1
89,91 0
89,92 2
89,93 1
89,94 2
89,95 1
89,96 2
89,97 1
89,98 0
89,99 0
90,0 2
90,1 2
90,2 0
90,3 1
90,4 2
90,5 1
90,6 1
90,7 2
90,8 1
90,9 0
90,10 0
90,11 2
90,12 1
90,13 2
90,14 1
90,15 1
90,16 0
90,17 1
90,18 0
90,19 0
90,20 2
90,21 2
90,22 1
90,23 2
90,24 2
90,25 1
90,26 1
90,27 1
90,28 1
90,29 0
90,30 2
90,31 2
90,32 2
90,33 2
90,34 2
90,35 1
90,36 1
90,37 1
90,38 0
90,39 0
90,40 2
90,41 2
90,42 0
90,43 0
90,44 0
90,45 1
90,46 2
90,47 0
90,48 1
90,49 1
90,50 0
90,51 1
90,52 2
90,53 2
90,54 0
90,55 1
90,56 2
90,57 1
90,58 2
90,59 0
90,60 2
90,61 2
90,62 0
90,63 1
90,64 2
90,65 1
90,66 2
90,67 0
90,68 2
90,69 1
90,70 1
90,71 0
90,72 0
90,73 0
90,74 2
90,75 1
90,76 1
90,77 0
90,78 1
90,79 1
90,80 1
90,81 0
90,82 0
90,83 0
90,84 0
90,85 2
90,86 0
90,87 2
90,88 0
90,89 1
90,90 2
90,91 0
90,92 0
90,93 0
90,94 2
90,95 0
90,96 0
90,97 0
90,98 0
90,99 0
91,0 2
91,1 2
91,2 1
91,3 0
91,4 0
91,5 0
91,6 1
91,7 0
91,8 2
91,9 1
91,10 2
91,11 2
91,12 0
91,13 2
91,14 2
91,15 0
91,16 1
91,17 2
91,18 1
91,19 1
91,20 2
91,21 1
91,22 1
91,23 0
91,24 2
91,25 0
91,26 0
91,27 2
91,28 0
91,29 0
91,30 1
91,31 2
91,32 1
91,33 0
91,34 2
91,35 2
91,36 2
91,37 1
91,38 1
91,39 0
91,40 0
91,41 1
91,42 0
91,43 1
91,44 0
91,45 2
91,46 1
91,47 2
91,48 0
91,49 0
91,50 0
91,51 0
91,52 1
91,53 0
91,54 1
91,55 0
91,56 0
91,57 2
91,58 2
91,59 0
91,60 2
91,61 2
91,62 2
91,63 1
91,64 2
91,65 0
91,66 0
91,67 1
91,68 0
91,69 2
91,70 2
91,71 2
91,72 1
91,73 2
91,74 2
91,75 0
91,76 1
91,77 2
91,78 1
91,79 0
91,80 2
91,81 2
91,82 2
91,83 0
91,84 0
91,85 2
91,86 2
91,87 0
91,88 2
91,89 1
91,90 2
91,91 0
91,92 2
91,93 1
91,94 0
91,95 1
91,96 2
91,97 2
91,98 1
91,99 2
92,0 1
92,1 1
92,2 0
92,3 0
92,4 1
92,5 2
92,6 0
92,7 2
92,8 2
92,9 1
92,10 0
92,11 1
92,12 1
92,13 2
92,14 2
92,15 1
92,16 0
92,17 1
92,18 1
92,19 0
92,20 0
92,21 0
92,22 2
92,23 0
92,24 1
92,25 0
92,26 2
92,27 0
92,28 2
92,29 1
92,30 0
92,31 2
92,32 1
92,33 1
92,34 0
92,35 2
92,36 1
92,37 0
92,38 2
92,39 0
92,40 0
92,41 2
92,42 2
92,43 1
92,44 1
92,45 1
92,46 0
92,47 2
92,48 2
92,49 1
92,50 2
92,51 0
92,52 1
92,53 2
92,54 1
92,55 2
92,56 2
92,57 0
92,58 2
92,59 1
92,60 2
92,61 0
92,62 0
92,63 0
92,64 0
92,65 2
92,66 0
92,67 2
92,68 0
92,69 2
92,70 0
92,71 2
92,72 1
92,73 0
92,74 1
92,75 1
92,76 1
92,77 1
92,78 2
92,79 2
92,80 1
92,81 2
92,82 0
92,83 1
92,84 2
92,85 1
92,86 2
92,87 0
92,88 0
92,89 1
92,90 2
92,91 0
92,92 1
92,93 1
92,94 1
92,95 1
92,96 2
92,97 1
92,98 2
92,99 0
93,0 2
93,1 0
93,2 2
93,3 2
93,4 1
93,5 1
93,6 2
93,7 0
93,8 1
93,9 2
93,10 0
93,11 1
93,12 2
93,13 2
93,14 2
93,15 0
93,16 0
93,17 0
93,18 0
93,19 2
93,20 1
93,21 0
93,22 0
93,23 0
93,24 0
93,25 0
93,26 2
93,27 0
93,28 2
93,29 1
93,30 0
93,31 1
93,32 1
93,33 1
93,34 1
93,35 0
93,36 0
93,37 1
93,38 1
93,39 2
93,40 1
93,41 2
93,42 1
93,43 0
93,44 0
93,45 0
93,46 2
93,47 2
93,48 1
93,49 2
93,50 1
93,51 0
93,52 0
93,53 0
93,54 1
93,55 1
93,56 0
93,57 2
93,58 1
93,59 2
93,60 2
93,61 2
93,62 1
93,63 2
93,64 2
93,65 1
93,66 1
93,67 1
93,68 1
93,69 1
93,70 2
93,71 1
93,72 2
93,73 0
93,74 1
93,75 1
93,76 0
93,77 2
93,78 0
93,79 2
93,80 2
93,81 2
93,82 1
93,83 2
93,84 1
93,85 2
93,86 0
93,87 1
93,88 0
93,89 1
93,90 0
93,91 0
93,92 2
93,93 1
93,94 0
93,95 2
93,96 1
93,97 1
93,98 0
93,99 2
94,0 0
94,1 0
94,2 0
94,3 1
94,4 2
94,5 1
94,6 2
94,7 2
94,8 2
94,9 0
94,10 2
94,11 0
94,12 0
94,13 1
94,14 0
94,15 0
94,16 0
94,17 0
94,18 2
94,19 0
94,20 0
94,21 0
94,22 0
94,23 2
94,24 2
94,25 1
94,26 2
94,27 1
94,28 0
94,29 2
94,30 0
94,31 2
94,32 2
94,33 2
94,34 2
94,35 0
94,36 1
94,37 0
94,38 1
94,39 0
94,40 1
94,41 1
94,42 2
94,43 0
94,44 0
94,45 1
94,46 1
94,47 1
94,48 0
94,49 0
94,50 1
94,51 1
94,52 2
94,53 1
94,54 2
94,55 2
94,56 2
94,57 2
94,58 0
94,59 1
94,60 2
94,61 2
94,62 2
94,63 0
94,64 0
94,65 0
94,66 1
94,67 2
94,68 2
94,69 1
94,70 2
94,71 2
94,72 1
94,73 1
94,74 1
94,75 2
94,76 0
94,77 0
94,78 0
94,79 2
94,80 0
94,81 0
94,82 1
94,83 0
94,84 0
94,85 2
94,86 2
94,87 1
94,88 1
94,89 2
94,90 0
94,91 1
94,92 1
94,93 1
94,94 2
94,95 1
94,96 2
94,97 1
94,98 2
94,99 2
95,0 0
95,1 1
95,2 1
95,3 1
95,4 2
95,5 0
95,6 1
95,7 0
95,8 1
95,9 1
95,10 0
95,11 2
95,12 1
95,13 0
95,14 1
95,15 0
95,16 0
95,17 1
95,18 2
95,19 1
95,20 0
95,21 1
95,22 0
95,23 0
95,24 0
95,25 0
95,26 0
95,27 2
95,28 1
95,29 2
95,30 0
95,31 2
95,32 2
95,33 1
95,34 1
95,35 1
95,36 2
95,37 2
95,38 1
95,39 1
95,40 2
95,41 2
95,42 0
95,43 1
95,44 2
95,45 1
95,46 2
95,47 0
95,48 1
95,49 2
95,50 2
95,51 2
95,52 1
95,53 2
95,54 2
95,55 0
95,56 0
95,57 2
95,58 1
95,59 2
95,60 0
95,61 1
95,62 0
95,63 2
95,64 1
95,65 1
95,66 0
95,67 1
95,68 2
95,69 1
95,70 2
95,71 1
95,72 2
95,73 0
95,74 1
95,75 2
95,76 0
95,77 1
95,78 0
95,79 1
95,80 0
95,81 2
95,82 1
95,83 1
95,84 2
95,85 2
95,86 1
95,87 0
95,88 1
95,89 1
95,90 1
95,91 1
95,92 0
95,93 2
95,94 2
95,95 2
95,96 0
95,97 2
95,98 1
95,99 1
96,0 1
96,1 2
96,2 2
96,3 0
96,4 1
96,5 0
96,6 2
96,7 0
96,8 0
96,9 2
96,10 2
96,11 0
96,12 1
96,13 2
96,14 1
96,15 2
96,16 1
96,17 1
96,18 2
96,19 1
96,20 1
96,21 2
96,22 2
96,23 0
96,24 1
96,25 1
96,26 1
96,27 1
96,28 1
96,29 1
96,30 1
96,31 0
96,32 1
96,33 0
96,34 0
96,35 0
96,36 1
96,37 2
96,38 0
96,39 2
96,40 1
96,41 0
96,42 2
96,43 1
96,44 1
96,45 0
96,46 1
96,47 0
96,48 2
96,49 1
96,50 1
96,51 1
96,52 2
96,53 1
96,54 1
96,55 2
96,56 2
96,57 0
96,58 2
96,59 0
96,60 0
96,61 1
96,62 2
96,63 2
96,64 0
96,65 2
96,66 1
96,67 0
96,68 0
96,69 1
96,70 0
96,71 1
96,72 0
96,73 1
96,74 1
96,75 0
96,76 2
96,77 1
96,78 1
96,79 1
96,80 1
96,81 2
96,82 2
96,83 0
96,84 1
96,85 1
96,86 1
96,87 2
96,88 0
96,89 2
96,90 1
96,91 0
96,92 1
96,93 0
96,94 2
96,95 0
96,96 0
96,97 1
96,98 2
96,99 2
97,0 1
97,1 1
97,2 1
97,3 1
97,4 0
97,5 1
97,6 1
97,7 0
97,8 0
97,9 2
97,10 2
97,11 1
97,12 2
97,13 2
97,14 1
97,15 0
97,16 0
97,17 1
97,18 1
97,19 2
97,20 2
97,21 1
97,22 1
97,23 1
97,24 0
97,25 1
97,26 1
97,27 0
97,28 2
97,29 1
97,30 2
97,31 2
97,32 2
97,33 1
97,34 2
97,35 0
97,36 1
97,37 1
97,38 1
97,39 2
97,40 0
97,41 2
97,42 2
97,43 2
97,44 0
97,45 2
97,46 0
97,47 2
97,48 2
97,49 2
97,50 1
97,51 1
97,52 2
97,53 0
97,54 0
97,55 0
97,56 2
97,57 2
97,58 1
97,59 2
97,60 0
97,61 1
97,62 2
97,63 1
97,64 1
97,65 2
97,66 0
97,67 1
97,68 1
97,69 0
97,70 1
97,71 0
97,72 1
97,73 1
97,74 0
97,75 1
97,76 1
97,77 1
97,78 2
97,79 1
97,80 1
97,81 1
97,82 2
97,83 0
97,84 0
97,85 2
97,86 2
97,87 0
97,88 2
97,89 0
97,90 2
97,91 2
97,92 0
97,93 1
97,94 1
97,95 1
97,96 1
97,97 1
97,98 2
97,99 0
98,0 0
98,1 1
98,2 0
98,3 2
98,4 1
98,5 2
98,6 1
98,7 2
98,8 2
98,9 0
98,10 2
98,11 1
98,12 0
98,13 2
98,14 2
98,15 0
98,16 0
98,17 1
98,18 2
98,19 2
98,20 1
98,21 0
98,22 1
98,23 0
98,24 1
98,25 0
98,26 1
98,27 1
98,28 2
98,29 0
98,30 0
98,31 1
98,32 2
98,33 0
98,34 0
98,35 2
98,36 0
98,37 2
98,38 2
98,39 1
98,40 2
98,41 1
98,42 0
98,43 1
98,44 0
98,45 2
98,46 2
98,47 0
98,48 2
98,49 0
98,50 2
98,51 0
98,52 2
98,53 0
98,54 1
98,55 1
98,56 2
98,57 0
98,58 0
98,59 0
98,60 0
98,61 1
98,62 2
98,63 1
98,64 0
98,65 1
98,66 0
98,67 2
98,68 0
98,69 2
98,70 2
98,71 0
98,72 2
98,73 2
98,74 0
98,75 0
98,76 2
98,77 2
98,78 1
98,79 2
98,80 0
98,81 0
98,82 0
98,83 2
98,84 1
98,85 0
98,86 1
98,87 2
98,88 1
98,89 1
98,90 1
98,91 0
98,92 1
98,93 0
98,94 1
98,95 0
98,96 1
98,97 2
98,98 1
98,99 1
99,0 1
99,1 0
99,2 0
99,3 0
99,4 2
99,5 2
99,6 2
99,7 2
99,8 1
99,9 2
99,10 0
99,11 0
99,12 0
99,13 2
99,14 0
99,15 0
99,16 1
99,17 2
99,18 1
99,19 0
99,20 1
99,21 2
99,22 2
99,23 0
99,24 1
99,25 2
99,26 2
99,27 1
99,28 2
99,29 2
99,30 0
99,31 1
99,32 2
99,33 0
99,34 1
99,35 1
99,36 0
99,37 1
99,38 1
99,39 0
99,40 1
99,41 1
99,42 0
99,43 2
99,44 1
99,45 2
99,46 0
99,47 1
99,48 2
99,49 1
99,50 1
99,51 0
99,52 2
99,53 2
99,54 1
99,55 0
99,56 2
99,57 2
99,58 1
99,59 2
99,60 1
99,61 1
99,62 1
99,63 1
99,64 1
99,65 0
99,66 1
99,67 2
99,68 2
99,69 2
99,70 1
99,71 2
99,72 1
99,73 1
99,74 1
99,75 1
99,76 0
99,77 0
99,78 2
99,79 2
99,80 0
99,81 0
99,82 0
99,83 2
99,84 2
99,85 0
99,86 0
99,87 0
99,88 1
99,89 1
99,90 0
99,91 0
99,92 1
99,93 1
99,94 0
99,95 1
99,96 1
99,97 1
99,98 1
99,99 0
